"mex.t"	"mex.male"	"mex.age"	"mex.education"	"mex.y.all"	"mex.vote"	"mex.age2"	"mex.interest"	"mex.married"	"mex.pidpanw2"	"mex.pidprdw2"	"mex.pidpriw2"	"mex.votecard"	"mex.urban"	"mex.cleanelections"	"mex.metro"	"mex.centralregion"	"mex.northregion"	"mex.wealth"	"mex.epnapprove"	"mex.havepropoganda"	"mex.concurrent"	"mex.cleanelectionsmiss"	"mex.loyal"	"mex.direct"
"5"	1	0	6.9	2	3	1	47.61	1	0	1	0	0	0	1	4	0	0	1	-1.04769814014435	2	1	0	0	0	0
"8"	0	1	4.8	7	2	1	23.04	3	1	1	0	0	1	1	1	0	0	1	2.67367696762085	11	0	0	0	0	0
"9"	1	0	4.4	5	4	0	19.36	1	0	0	0	0	0	1	3	0	0	1	1.8504683971405	8	0	0	0	0	0
"13"	1	0	8.4	5	1	1	70.56	2	0	0	0	1	1	1	3	0	0	1	2.97243523597717	11	0	0	0	1	0
"14"	1	1	5.1	5	1	1	26.01	2	0	0	0	0	1	1	2	0	0	1	0.481876999139786	6	0	0	0	0	0
"17"	0	0	5.5	7	1	1	30.25	3	1	1	0	0	1	1	3	0	0	1	2.67367696762085	7	0	0	0	0	0
"18"	1	1	5.7	9	1	1	32.49	3	1	0	1	0	1	1	3	0	0	1	2.67367696762085	9	0	0	0	0	0
"19"	0	0	2.4	6	1	1	5.76	3	1	0	0	0	1	1	3	0	0	1	2.67367696762085	8	0	0	0	0	0
"20"	1	1	3.6	5	1	0	12.96	2	0	0	0	1	0	1	2	0	0	1	0.481876999139786	9	0	0	0	0	0
"21"	1	1	2	8	1	1	4	1	0	0	0	1	1	1	4	0	0	1	1.58351361751556	11	0	0	0	1	0
"22"	0	0	3.9	7	1	1	15.21	3	0	0	0	1	1	1	1	0	0	1	2.67367696762085	11	0	0	0	1	1
"23"	0	0	2	8	2	0	4	1	0	0	0	0	0	1	4	0	0	1	4.06259870529175	6	1	0	0	0	0
"24"	0	0	2.8	5	1	1	7.84	1	1	1	0	0	1	1	2	0	0	1	2.67367696762085	6	0	0	0	0	0
"25"	1	0	2.4	9	1	1	5.76	2	0	0	0	1	0	1	1	0	0	1	2.67367696762085	11	0	0	0	1	0
"26"	1	1	6.8	2	2	1	46.24	2	1	0	0	1	1	1	0	0	0	1	1.57204031944275	9	0	0	1	0	0
"27"	1	0	4.5	5	1	1	20.25	2	1	1	0	0	1	1	2	0	0	1	1.57204031944275	6	0	0	0	0	0
"28"	0	0	4.7	5	1	1	22.09	2	0	0	0	1	1	1	1	0	0	1	-0.416981279850006	10	0	0	0	1	0
"29"	1	0	2.8	9	2	0	7.84	2	1	0	0	0	0	1	0	0	0	1	1.57204031944275	6	0	0	1	0	0
"30"	0	0	3.9	7	1	1	15.21	3	1	1	0	0	1	1	2	0	0	1	1.57204031944275	10	0	0	0	0	0
"31"	1	1	4.3	2	1	1	18.49	3	0	0	0	1	1	1	3	0	0	1	-1.24018979072571	10	0	0	0	1	0
"32"	0	0	6.6	2	2	1	43.56	3	0	0	0	1	1	1	1	0	0	1	-2.19520616531372	11	0	0	0	1	0
"33"	0	1	7.1	2	2	1	50.41	1	1	1	0	0	1	1	4	0	0	1	0.481876999139786	11	0	0	0	1	0
"34"	1	0	1.9	8	2	1	3.61	2	0	0	0	1	1	1	4	0	0	1	1.57204031944275	8	0	0	0	0	0
"35"	0	0	5.9	2	2	1	34.81	3	0	1	0	0	1	1	3	0	0	1	-1.24018979072571	4	0	0	0	0	0
"38"	0	1	2.3	8	2	1	5.29	2	0	0	0	0	1	1	0	0	0	1	4.06259870529175	10	0	0	1	0	0
"39"	1	0	4	3	1	1	16	3	1	0	0	1	0	1	1	0	0	1	0.481876999139786	10	0	0	0	0	0
"40"	0	0	3.3	8	0	1	10.89	3	1	0	0	1	1	1	1	0	0	1	-1.37199747562408	11	1	0	0	1	0
"41"	0	1	3.4	5	3	1	11.56	4	0	1	0	0	1	1	4	0	0	1	-0.341331571340561	10	0	0	0	1	0
"42"	0	0	7.7	2	1	1	59.29	2	1	0	0	1	1	1	1	0	0	1	0.481876999139786	11	0	0	0	1	0
"43"	1	0	3	5	1	1	9	4	1	0	0	1	1	1	1	0	0	1	1.58351361751556	11	0	0	0	1	0
"44"	1	0	5.4	3	1	1	29.16	2	1	0	0	1	1	1	1	0	0	1	-0.280647456645966	11	0	0	0	0	0
"45"	0	1	2.4	8	1	1	5.76	2	0	0	0	0	1	1	2	0	0	1	2.67367696762085	8	0	0	0	0	0
"46"	1	0	5.7	2	1	1	32.49	3	1	1	0	0	1	1	4	0	0	1	1.57204031944275	5	0	0	0	1	0
"47"	0	0	3.3	3	1	1	10.89	4	1	1	0	0	1	1	4	0	0	1	-0.416981279850006	1	1	0	0	0	1
"48"	1	1	6.9	2	2	1	47.61	3	1	1	0	0	1	1	1	0	0	1	0.481876999139786	11	0	0	0	0	0
"50"	0	1	2	8	2	1	4	2	0	0	1	0	1	1	4	0	0	1	1.57204031944275	5	0	0	0	0	0
"51"	1	0	3.9	4	1	1	15.21	3	1	0	0	1	0	1	2	0	0	1	-0.416981279850006	8	1	0	0	0	0
"52"	0	1	5.8	3	1	1	33.64	2	1	0	1	0	1	1	4	0	0	1	0.481876999139786	1	0	0	0	0	0
"53"	1	0	2.3	4	1	0	5.29	2	0	1	0	0	0	1	2	0	0	1	1.57204031944275	1	0	0	0	1	0
"54"	0	0	4.3	5	2	1	18.49	3	1	0	0	1	1	1	4	0	0	1	-0.416981279850006	10	0	0	0	0	0
"55"	1	0	2.4	9	1	1	5.76	2	1	0	1	0	1	1	4	0	0	1	1.57204031944275	5	0	0	0	0	0
"56"	1	0	6.1	2	1	1	37.21	2	0	0	1	0	1	1	3	0	0	1	1.58351361751556	6	0	0	0	0	0
"57"	0	0	4.9	7	2	1	24.01	3	1	0	0	1	1	1	2	0	0	1	1.57204031944275	10	0	0	0	1	0
"58"	1	1	4.8	5	2	1	23.04	2	1	0	1	0	0	1	4	0	0	1	-0.416981279850006	2	0	0	0	0	0
"59"	0	1	3.6	5	2	1	12.96	3	1	0	0	0	1	1	2	0	0	1	0.481876999139786	8	0	0	0	0	0
"61"	0	1	4.7	7	1	1	22.09	1	1	1	0	0	0	1	1	0	0	1	2.67367696762085	7	0	0	0	1	0
"62"	1	1	2.3	8	1	1	5.29	2	0	0	0	0	1	1	4	0	0	1	-0.416981279850006	6	0	0	0	0	0
"63"	0	0	5.1	5	2	1	26.01	3	0	0	0	1	1	1	1	0	0	1	1.57204031944275	11	0	0	0	1	0
"64"	0	0	4.4	5	2	1	19.36	4	0	0	0	1	1	1	1	0	0	1	1.57204031944275	11	0	0	0	0	0
"65"	0	1	2.2	8	2	1	4.84	3	0	0	0	0	0	1	4	0	0	1	2.67367696762085	5	0	0	0	0	0
"66"	1	1	2.4	8	1	1	5.76	3	0	0	0	0	1	1	4	0	0	1	2.67367696762085	1	0	0	0	0	0
"68"	1	0	3.1	9	2	1	9.61	3	0	1	0	0	1	1	3	0	0	1	2.67367696762085	8	0	0	0	0	0
"69"	0	0	2.1	9	2	0	4.41	3	0	1	0	0	0	1	3	0	0	1	1.57204031944275	1	0	0	0	0	0
"70"	1	0	2.5	8	2	1	6.25	3	1	0	0	1	0	1	1	0	0	1	1.57204031944275	9	0	0	0	1	0
"71"	0	0	2.5	9	2	1	6.25	4	0	1	0	0	0	1	1	0	0	1	2.67367696762085	9	0	0	0	0	0
"72"	1	0	5.7	3	1	1	32.49	2	0	0	0	1	0	1	2	0	0	1	1.58351361751556	9	0	0	0	0	0
"73"	0	0	2.4	3	0	0	5.76	3	0	0	0	1	0	1	2	0	0	1	-0.416981279850006	1	0	0	0	0	0
"74"	1	0	5.2	3	1	0	27.04	2	1	0	0	1	0	0	3	0	0	1	0.481876999139786	11	0	0	0	0	0
"77"	1	0	2.2	7	1	0	4.84	2	0	0	0	0	0	1	2	0	0	1	-0.416981279850006	8	0	0	0	0	0
"78"	0	1	4.5	7	1	1	20.25	3	1	0	1	0	1	1	3	0	0	1	2.67367696762085	7	0	0	0	0	1
"79"	1	1	2.7	5	2	1	7.29	2	1	1	0	0	0	1	2	0	0	1	2.67367696762085	7	0	0	0	0	0
"80"	0	0	3.3	3	1	1	10.89	1	1	0	0	1	0	1	2	0	0	1	0.481876999139786	10	0	0	0	0	0
"81"	1	0	9	8	1	1	81	2	0	1	0	0	1	1	3	0	0	1	0.481876999139786	7	0	0	0	0	0
"82"	0	1	5	3	1	1	25	3	1	0	0	1	1	1	2	0	0	1	-0.416981279850006	11	0	0	0	1	0
"83"	0	1	5.5	4	2	1	30.25	4	1	0	1	0	1	1	4	0	0	1	0.481876999139786	6	0	0	0	1	0
"84"	1	1	4.7	9	2	0	22.09	2	0	0	1	0	0	1	3	0	0	1	0.67318207025528	7	0	0	0	0	0
"85"	0	1	1.9	7	1	0	3.61	1	1	1	0	0	0	1	2	0	0	1	-0.416981279850006	8	0	0	0	0	0
"86"	1	0	2.5	8	3	0	6.25	2	0	0	0	0	0	0	2	0	0	1	-1.24018979072571	9	0	0	0	0	0
"87"	1	0	3	5	0	1	9	2	0	1	0	0	0	0	2	0	0	1	-0.416981279850006	9	0	0	0	0	0
"88"	0	0	5.1	6	3	0	26.01	1	0	0	1	0	0	0	4	0	0	1	-1.24018979072571	4	0	0	0	0	0
"89"	0	1	1.8	7	1	0	3.24	2	0	1	0	0	0	0	2	0	0	1	-0.416981279850006	8	1	0	0	0	0
"90"	0	0	4.7	3	1	0	22.09	2	0	0	0	1	0	0	3	0	0	1	-1.24018979072571	9	0	0	0	0	0
"91"	1	1	5.9	3	1	1	34.81	2	1	0	0	1	0	0	2	0	0	1	-0.473139226436615	10	1	0	0	0	0
"92"	1	0	2.6	7	2	1	6.76	2	0	1	0	0	1	0	3	0	0	1	-0.416981279850006	3	0	0	0	1	0
"93"	0	0	2	9	3	1	4	3	0	0	0	1	1	0	2	0	0	1	0.67318207025528	10	0	0	0	0	0
"94"	1	1	2.2	5	4	0	4.84	2	0	0	0	1	0	0	2	0	0	1	-0.416981279850006	9	1	0	0	0	0
"95"	1	1	2.4	5	4	1	5.76	3	0	0	1	0	1	0	3	0	0	1	0.481876999139786	9	0	0	0	0	0
"96"	0	1	2.4	6	3	1	5.76	2	1	0	0	1	1	0	2	0	0	1	-0.416981279850006	9	0	0	0	0	0
"97"	1	1	5.1	9	1	0	26.01	2	1	0	0	0	0	1	3	0	0	1	1.57204031944275	1	0	0	0	0	0
"98"	0	0	5.1	9	1	1	26.01	3	1	1	0	0	1	1	3	0	0	1	2.67367696762085	5	0	0	0	0	0
"101"	1	0	4.1	9	1	1	16.81	4	0	0	1	0	1	1	2	0	0	1	2.67367696762085	6	0	0	0	1	0
"102"	1	1	2.9	9	1	1	8.41	2	1	0	0	0	1	1	2	0	0	1	1.57204031944275	9	1	0	0	0	0
"103"	0	0	3.6	7	1	1	12.96	4	1	0	0	1	1	1	2	0	0	1	1.57204031944275	11	1	0	0	0	0
"104"	0	0	7.1	5	1	1	50.41	2	0	0	0	0	1	1	2	0	0	1	-0.473139226436615	7	0	0	0	0	0
"105"	0	0	4.1	9	1	1	16.81	2	0	1	0	0	1	1	3	0	0	1	0.481876999139786	4	0	0	0	0	0
"106"	1	1	2.1	8	1	1	4.41	2	0	0	0	0	1	1	3	0	0	1	-0.416981279850006	7	0	0	0	0	0
"107"	0	0	3.5	7	1	1	12.25	2	0	0	0	0	1	1	4	0	0	1	1.57204031944275	3	1	0	0	0	0
"109"	0	1	3	5	1	0	9	3	0	0	1	0	0	1	3	0	0	1	-1.37199747562408	6	0	0	0	0	0
"111"	0	1	4.2	5	1	1	17.64	2	1	0	0	1	1	1	1	0	0	1	0.481876999139786	11	1	0	0	1	0
"112"	1	1	6.4	5	3	1	40.96	2	1	0	0	1	0	1	1	0	0	1	-1.24018979072571	9	1	0	0	1	0
"113"	0	0	5.4	7	2	1	29.16	1	0	1	0	0	0	1	4	0	0	1	0.748831808567047	5	0	0	0	0	0
"114"	1	0	5.8	3	2	1	33.64	2	1	0	0	0	0	1	3	0	0	1	-1.24018979072571	6	0	0	0	0	0
"116"	0	0	5	7	2	1	25	3	1	1	0	0	0	1	4	0	0	1	0.748831808567047	3	0	0	0	0	0
"117"	0	0	3.7	7	3	1	13.69	2	1	1	0	0	1	1	4	0	0	1	0.481876999139786	9	0	0	0	1	0
"118"	1	0	2.1	9	3	0	4.41	2	1	0	1	0	0	1	4	0	0	1	-1.24018979072571	6	0	0	0	0	0
"119"	0	1	3.3	9	3	1	10.89	3	1	1	0	0	0	1	4	0	0	1	2.96096181869507	4	0	0	0	0	0
"120"	1	0	4	5	3	1	16	3	1	0	0	0	1	1	3	0	0	1	4.06259870529175	6	0	0	0	0	0
"121"	0	1	3.9	7	3	0	15.21	1	1	0	1	0	0	1	4	0	0	1	1.57204031944275	6	0	0	0	0	0
"122"	1	1	4.5	7	3	0	20.25	1	1	0	1	0	0	1	4	0	0	1	0.748831808567047	1	0	0	0	0	0
"123"	0	1	4.3	8	2	1	18.49	3	1	1	0	0	1	1	2	0	0	1	1.57204031944275	6	1	0	0	1	0
"125"	0	1	5	7	1	1	25	3	1	1	0	0	1	1	2	0	0	1	1.57204031944275	8	0	0	0	0	0
"127"	0	1	4.3	7	2	1	18.49	2	1	1	0	0	0	1	4	0	0	1	1.57204031944275	4	0	0	0	1	0
"128"	0	1	5.6	4	3	1	31.36	2	1	0	1	0	1	1	4	0	0	1	0.748831808567047	11	0	0	0	0	0
"129"	1	0	2.2	9	3	0	4.84	3	1	0	0	0	0	1	3	0	0	1	2.67367696762085	7	0	0	0	0	0
"130"	0	0	4.2	5	2	0	17.64	1	0	0	0	1	0	1	2	0	0	1	-0.341331571340561	11	0	0	0	1	0
"131"	0	1	2.1	8	1	1	4.41	3	0	1	0	0	0	1	4	0	0	1	1.57204031944275	4	1	0	0	0	0
"132"	1	0	4	3	4	1	16	1	1	0	0	1	1	1	1	0	0	1	1.57204031944275	10	0	0	0	1	0
"134"	1	0	8	2	4	1	64	3	0	0	0	1	1	1	1	0	0	1	-0.341331571340561	11	1	0	0	1	0
"136"	1	1	4.8	5	4	1	23.04	2	1	1	0	0	0	1	4	0	0	1	-0.341331571340561	9	0	0	0	1	0
"137"	0	1	4.2	9	3	0	17.64	3	1	1	0	0	0	1	2	0	0	1	1.57204031944275	8	0	0	0	0	0
"138"	1	1	4.9	7	4	1	24.01	3	1	0	0	0	1	1	4	0	0	1	4.06259870529175	6	0	0	0	0	0
"139"	0	0	4.4	7	2	1	19.36	2	1	0	0	1	1	1	2	0	0	1	-0.416981279850006	10	0	0	0	1	0
"140"	1	1	2.8	7	3	1	7.84	2	0	0	0	1	1	1	1	0	0	1	1.57204031944275	11	1	0	0	0	0
"141"	1	0	5	8	4	0	25	3	1	1	0	0	0	1	4	0	0	1	2.67367696762085	9	0	0	0	0	0
"143"	1	0	3.3	5	3	1	10.89	3	1	0	0	1	0	1	1	0	0	1	-1.24018979072571	10	1	0	0	1	0
"144"	1	1	2.6	5	1	0	6.76	2	1	0	0	1	0	1	1	0	0	1	0.0169240795075893	11	1	0	0	1	0
"145"	0	0	2.9	4	3	1	8.41	3	1	1	0	0	1	1	3	0	0	1	-0.341331571340561	8	0	0	0	1	0
"146"	1	1	4.8	3	2	1	23.04	3	1	0	0	1	1	1	0	0	0	1	-0.341331571340561	10	1	0	1	0	0
"147"	1	0	2.7	5	3	0	7.29	3	1	0	0	1	0	1	1	0	0	1	-0.416981279850006	10	0	0	0	0	0
"148"	0	1	2.3	7	3	1	5.29	3	0	0	0	1	1	1	1	0	0	1	-0.341331571340561	10	0	0	0	1	0
"149"	1	0	4.9	2	2	0	24.01	3	0	0	0	0	0	1	4	0	0	1	0.481876999139786	7	0	0	0	0	0
"150"	0	1	3	5	2	1	9	3	1	0	0	1	0	1	2	0	0	1	-0.416981279850006	9	0	0	0	0	0
"151"	0	1	4.6	7	1	1	21.16	3	1	1	0	0	1	1	4	0	0	1	-1.24018979072571	5	1	0	0	1	0
"152"	1	0	3.3	7	3	1	10.89	1	1	1	0	0	0	1	2	0	0	1	-0.416981279850006	9	0	0	0	0	0
"153"	0	1	3.9	7	2	1	15.21	1	1	0	0	0	1	1	4	0	0	1	-2.19520616531372	8	0	0	0	0	0
"154"	1	1	4.4	5	2	1	19.36	3	1	1	0	0	1	1	2	0	0	1	-0.341331571340561	8	1	0	0	1	0
"155"	0	1	6.3	3	2	1	39.69	3	1	0	0	1	0	1	1	0	0	1	0.748831808567047	10	1	0	0	1	0
"156"	1	0	7	2	3	1	49	2	0	0	0	1	1	1	4	0	0	1	1.57204031944275	10	0	0	0	1	0
"157"	0	1	2	7	2	1	4	4	0	0	1	0	1	1	4	0	0	1	1.57204031944275	5	0	0	0	1	0
"158"	1	1	4.1	5	4	1	16.81	2	1	0	0	1	0	1	1	0	0	1	-0.150026470422745	9	0	0	0	0	0
"159"	0	0	6.1	5	3	1	37.21	2	1	1	0	0	1	1	4	0	0	1	1.57204031944275	8	0	0	0	1	0
"160"	1	0	5.1	5	2	1	26.01	2	1	0	0	0	1	1	2	0	1	0	2.67367696762085	10	0	0	0	0	0
"161"	0	1	7.3	1	2	1	53.29	3	1	1	0	0	0	1	1	0	1	0	2.67367696762085	11	0	0	0	0	0
"162"	1	0	3.8	5	2	1	14.44	3	0	0	0	0	1	1	0	0	1	0	-0.416981279850006	6	0	0	1	0	0
"163"	0	1	4	7	3	1	16	3	1	0	0	1	1	1	2	0	1	0	-1.37199747562408	11	1	0	0	1	0
"164"	1	0	5.7	3	1	1	32.49	2	0	0	0	1	0	1	3	0	1	0	0.481876999139786	11	0	0	0	1	0
"165"	1	1	3.7	5	2	0	13.69	3	1	1	0	0	0	1	4	0	1	0	0.481876999139786	6	0	0	0	1	0
"166"	0	1	3.9	4	3	0	15.21	3	1	1	0	0	0	1	2	0	1	0	-0.341331571340561	6	0	0	0	1	0
"167"	1	0	3	5	2	1	9	2	1	1	0	0	1	1	3	0	1	0	-0.416981279850006	8	0	0	0	0	0
"168"	0	1	4.7	3	2	1	22.09	2	0	0	0	0	1	1	4	0	1	0	-1.24018979072571	9	0	0	0	0	0
"169"	1	0	2.6	5	1	1	6.76	2	1	1	0	0	0	1	2	0	1	0	-0.416981279850006	10	0	0	0	1	0
"170"	0	0	3.4	5	2	1	11.56	2	1	0	0	1	1	1	2	0	1	0	-0.416981279850006	11	0	0	0	0	0
"171"	1	1	4.2	6	3	1	17.64	3	0	0	0	1	0	1	1	0	1	0	1.57204031944275	10	0	0	0	1	0
"172"	0	0	3.7	5	3	1	13.69	2	1	0	0	1	1	1	2	0	1	0	-1.24018979072571	10	0	0	0	0	0
"173"	1	0	2.3	9	2	0	5.29	3	0	0	0	1	0	1	3	0	1	0	1.57204031944275	10	0	0	0	0	0
"175"	0	1	7.1	2	1	1	50.41	2	1	0	0	1	1	1	3	0	0	1	0.971940279006958	11	0	0	0	1	0
"177"	1	1	6.5	5	2	1	42.25	4	1	1	0	0	1	1	2	0	0	1	0.481876999139786	10	0	0	0	1	0
"179"	0	0	7.1	2	1	1	50.41	2	1	1	0	0	0	1	4	0	0	1	0.481876999139786	9	0	0	0	1	0
"180"	0	0	3	6	1	1	9	2	0	0	0	1	1	1	3	0	0	1	-1.37199747562408	11	0	0	0	1	0
"181"	1	0	3.9	5	2	1	15.21	3	1	1	0	0	1	1	0	0	0	1	-0.416981279850006	8	0	0	1	0	0
"183"	0	1	7	1	0	1	49	2	1	0	0	1	1	1	1	0	0	1	1.87079858779907	11	0	0	0	1	0
"184"	0	1	5.5	2	1	0	30.25	1	1	0	0	0	0	1	0	0	0	1	-2.19520616531372	7	0	0	1	0	0
"185"	1	0	3.6	3	0	0	12.96	1	1	0	0	1	0	1	0	0	0	1	1.57204031944275	10	0	0	1	1	0
"187"	0	1	2.1	6	2	1	4.41	2	0	1	0	0	1	1	4	0	0	1	0.481876999139786	5	0	0	0	1	0
"189"	1	1	7	2	2	1	49	3	1	0	0	1	1	1	1	0	0	1	1.57204031944275	11	0	0	0	1	0
"190"	0	1	2.5	5	2	1	6.25	2	0	0	1	0	0	1	4	0	0	1	-0.341331571340561	4	0	0	0	0	0
"191"	1	0	2.2	6	1	1	4.84	1	0	1	0	0	1	1	4	0	0	1	0.481876999139786	5	0	0	0	1	0
"193"	1	1	2.1	7	2	0	4.41	2	0	0	0	1	0	1	2	0	0	1	-1.24018979072571	11	0	0	0	0	0
"194"	1	1	5.3	9	2	1	28.09	3	1	0	0	0	1	1	1	0	0	1	2.67367696762085	9	0	0	0	0	0
"195"	0	1	2.2	8	2	1	4.84	3	0	0	1	0	1	1	3	0	0	1	0.971940279006958	7	0	0	0	0	0
"197"	0	1	4	7	1	1	16	1	1	0	0	0	0	1	4	0	0	1	0.67318207025528	6	0	0	0	0	0
"198"	0	0	4.2	4	1	1	17.64	3	0	1	0	0	0	1	4	0	0	1	-0.416981279850006	7	0	0	0	1	1
"199"	1	0	2.7	4	2	1	7.29	2	1	1	0	0	0	1	4	0	0	1	-0.416981279850006	9	0	0	0	0	0
"200"	0	0	6.7	2	2	1	44.89	3	1	1	0	0	0	1	4	0	0	1	-0.416981279850006	8	0	0	0	0	0
"201"	1	0	3.2	7	1	1	10.24	4	1	1	0	0	0	1	2	0	0	1	0.67318207025528	9	0	0	0	0	0
"202"	1	0	3.3	4	1	1	10.89	3	1	0	0	0	0	1	4	0	0	1	-0.416981279850006	1	0	0	0	0	1
"203"	1	1	8.6	4	3	1	73.96	2	1	0	0	1	0	1	2	0	0	1	-1.37199747562408	8	0	0	0	1	1
"204"	0	1	6.9	4	2	1	47.61	3	0	0	0	0	0	1	4	0	0	1	-1.37199747562408	6	0	0	0	0	1
"205"	0	1	4.1	9	1	1	16.81	2	1	0	0	0	0	1	3	0	0	1	1.57204031944275	9	0	0	0	0	1
"206"	1	1	5.3	9	1	1	28.09	2	1	0	0	0	1	0	1	0	0	1	4.06259870529175	10	0	0	0	0	0
"207"	0	0	4.8	7	1	1	23.04	3	0	0	0	1	1	0	1	0	0	1	1.57204031944275	11	0	0	0	0	0
"208"	1	0	5	8	1	1	25	2	1	1	0	0	0	0	4	0	0	1	4.06259870529175	3	0	0	0	0	1
"210"	0	1	4.1	3	3	1	16.81	4	0	0	0	0	0	0	0	0	0	1	-3.09287762641907	6	0	0	1	0	0
"211"	1	0	7.2	2	2	1	51.84	4	0	1	0	0	0	0	1	0	0	1	-1.29634773731232	11	0	0	0	0	0
"212"	0	1	4.4	5	1	0	19.36	1	1	0	0	1	0	0	1	0	0	1	-0.206184417009354	6	0	0	0	0	0
"213"	0	1	6	6	2	NA	36	2	1	0	1	0	0	0	1	0	0	1	-0.473139226436615	11	0	0	0	1	0
"214"	0	0	3.2	5	1	1	10.24	3	1	0	0	1	1	0	1	0	0	1	-0.150026470422745	10	0	0	0	0	0
"215"	1	0	5.1	6	2	1	26.01	3	0	0	0	0	1	0	3	0	0	1	1.57204031944275	9	0	0	0	0	0
"216"	1	0	4.8	5	1	1	23.04	2	1	0	0	1	1	1	2	0	0	1	-0.416981279850006	10	0	0	0	0	0
"217"	0	0	5	5	1	1	25	2	0	1	0	0	1	1	2	0	0	1	-0.416981279850006	7	0	0	0	0	0
"218"	1	1	4.2	9	3	1	17.64	3	1	0	1	0	1	1	3	0	0	1	1.77481877803802	7	0	0	0	0	1
"219"	0	1	2.3	8	2	0	5.29	2	0	1	0	0	0	1	3	0	0	1	2.67367696762085	6	0	0	0	1	0
"220"	1	0	4.3	5	1	1	18.49	1	1	1	0	0	1	1	2	0	0	1	2.67367696762085	9	0	0	0	0	0
"221"	0	0	4.5	3	1	1	20.25	2	1	1	0	0	0	1	0	0	0	1	1.58351361751556	9	0	0	1	0	0
"222"	1	0	5	5	1	1	25	1	0	1	0	0	1	1	3	0	0	1	0.481876999139786	10	0	0	0	0	0
"223"	0	1	4.5	5	1	1	20.25	3	0	0	1	0	1	1	4	0	0	1	1.57204031944275	1	0	0	0	0	0
"224"	1	1	4.4	5	2	1	19.36	2	1	1	0	0	0	1	2	0	0	1	-0.416981279850006	8	0	0	0	0	0
"225"	0	0	5.7	2	1	1	32.49	1	0	1	0	0	0	1	3	0	0	1	2.67367696762085	10	0	0	0	0	0
"226"	1	1	4.1	5	2	1	16.81	2	1	0	0	1	0	1	2	0	0	1	-0.416981279850006	9	0	0	0	0	0
"227"	0	0	2.1	7	1	1	4.41	3	1	1	0	0	1	1	2	0	0	1	-1.37199747562408	6	0	0	0	0	0
"228"	1	0	2.2	5	3	1	4.84	2	0	1	0	0	0	1	2	0	0	1	-0.416981279850006	9	0	0	0	1	0
"229"	0	0	2.3	5	2	1	5.29	3	0	0	0	1	0	1	3	0	0	1	-0.416981279850006	10	0	0	0	0	0
"230"	1	0	2.4	5	3	1	5.76	4	1	0	0	1	1	1	1	0	0	1	0.67318207025528	11	0	0	0	1	0
"231"	0	1	2.5	4	1	0	6.25	1	0	1	0	0	0	1	4	0	0	1	0.748831808567047	5	0	0	0	0	0
"232"	1	1	2.5	7	2	1	6.25	3	0	1	0	0	1	1	2	0	0	1	-0.416981279850006	7	0	0	0	0	0
"233"	0	0	6.8	5	3	1	46.24	3	1	0	0	1	0	0	1	0	0	1	1.57204031944275	10	0	0	0	1	0
"234"	1	0	6.5	2	0	1	42.25	2	1	0	0	0	1	1	4	0	0	1	1.57204031944275	6	0	0	0	0	0
"235"	0	0	3.5	5	2	1	12.25	2	0	0	0	1	0	1	1	0	0	1	2.67367696762085	11	0	0	0	1	0
"236"	0	1	3.9	9	3	1	15.21	4	1	0	0	1	1	1	1	0	0	1	0.951610207557678	11	0	0	0	1	0
"237"	0	1	5.2	9	2	1	27.04	2	1	1	0	0	1	1	4	0	0	1	2.67367696762085	5	0	0	0	0	0
"238"	1	1	3.4	7	2	1	11.56	3	1	0	1	0	1	1	4	0	0	1	-1.29634773731232	7	0	0	0	1	0
"239"	1	1	7.2	3	2	1	51.84	4	0	0	1	0	0	1	4	0	0	1	-0.416981279850006	3	0	0	0	1	0
"240"	1	0	3	5	2	1	9	2	1	0	0	1	1	1	1	0	0	1	-0.473139226436615	10	0	0	0	0	0
"241"	1	1	3.1	5	2	1	9.61	2	1	1	0	0	1	1	1	0	0	1	-0.416981279850006	4	0	0	0	0	0
"242"	0	0	3.3	5	2	1	10.89	2	1	1	0	0	1	1	2	0	0	1	-0.416981279850006	9	0	0	0	0	0
"243"	1	0	2.5	7	2	1	6.25	3	1	0	0	1	1	1	0	0	1	0	-1.24018979072571	9	0	0	1	0	0
"244"	0	0	4	5	1	1	16	2	1	0	0	1	1	1	2	0	1	0	-0.416981279850006	11	0	0	0	0	0
"245"	1	0	3.9	6	1	1	15.21	2	1	0	0	1	1	1	2	0	1	0	-0.150026470422745	8	0	0	0	0	0
"247"	0	0	2.7	9	1	0	7.29	2	1	0	0	0	0	1	0	0	1	0	-0.416981279850006	3	0	0	1	0	0
"248"	1	0	3.3	8	1	1	10.89	2	0	0	0	0	1	1	3	0	1	0	1.57204031944275	2	0	0	0	0	0
"249"	1	0	5.7	3	1	1	32.49	3	1	1	0	0	1	1	4	0	1	0	-0.341331571340561	6	0	0	0	0	0
"250"	1	0	3.7	5	1	1	13.69	2	1	0	0	1	1	1	3	0	1	0	-0.416981279850006	4	0	0	0	0	0
"251"	0	1	1.9	7	1	1	3.61	3	0	0	1	0	1	1	3	0	1	0	1.57204031944275	5	0	0	0	0	0
"252"	1	1	7.1	2	1	1	50.41	2	1	0	1	0	1	1	3	0	1	0	-0.416981279850006	5	0	0	0	0	0
"253"	0	1	5.3	3	1	1	28.09	2	1	0	0	1	1	1	3	0	1	0	0.481876999139786	8	0	0	0	0	0
"254"	1	1	3.7	5	1	1	13.69	1	1	1	0	0	1	1	3	0	1	0	-2.19520616531372	1	0	0	0	0	0
"255"	0	1	2.6	5	1	1	6.76	3	1	0	1	0	1	1	3	0	1	0	1.57204031944275	6	0	0	0	0	0
"256"	1	1	3.1	2	1	1	9.61	3	0	0	1	0	1	1	3	0	1	0	-0.416981279850006	10	0	0	0	0	0
"257"	1	0	7.6	3	2	1	57.76	2	0	0	0	1	1	1	0	0	1	0	-1.24018979072571	11	0	0	1	0	0
"258"	0	1	5	5	1	1	25	2	1	0	0	1	1	1	0	0	1	0	-1.24018979072571	8	0	0	1	1	0
"259"	1	0	5.5	3	2	1	30.25	1	1	1	0	0	1	0	3	0	1	0	0.748831808567047	6	1	0	0	0	0
"260"	0	0	7	3	1	1	49	3	0	1	0	0	1	0	3	0	1	0	0.481876999139786	9	0	0	0	1	0
"261"	1	1	4.4	7	1	1	19.36	3	0	0	1	0	1	0	4	0	1	0	0.481876999139786	9	0	0	0	0	0
"263"	1	0	4.9	5	1	0	24.01	1	1	0	0	0	0	0	4	0	1	0	1.57204031944275	3	0	0	0	0	0
"264"	0	1	5.4	5	3	1	29.16	2	0	0	0	1	1	0	1	0	1	0	-0.416981279850006	11	0	0	0	0	0
"265"	1	0	3.9	5	2	0	15.21	1	0	1	0	0	0	0	4	0	1	0	-0.416981279850006	8	0	0	0	0	0
"266"	0	1	2.6	9	3	1	6.76	3	0	0	0	1	1	0	2	0	1	0	1.57204031944275	9	0	0	0	0	0
"267"	1	0	2.6	5	3	1	6.76	2	0	1	0	0	1	0	2	0	1	0	-0.341331571340561	1	0	0	0	0	0
"268"	0	0	2.2	5	1	1	4.84	1	0	0	0	1	1	0	1	0	1	0	-0.416981279850006	11	0	0	0	1	0
"269"	0	1	6	2	1	0	36	1	1	0	0	0	0	0	3	0	1	0	-1.24018979072571	6	0	0	0	0	0
"270"	1	1	2.9	7	3	1	8.41	3	0	1	0	0	1	0	2	0	1	0	0.481876999139786	9	0	0	0	0	0
"271"	0	1	3.8	5	3	1	14.44	3	0	1	0	0	1	0	4	0	1	0	1.57204031944275	4	0	0	0	1	1
"272"	0	1	4.6	7	1	1	21.16	3	0	0	0	1	1	1	1	0	1	0	-0.416981279850006	10	0	1	0	0	0
"273"	1	0	2.7	9	1	1	7.29	2	1	0	0	1	1	1	1	0	1	0	0.684655368328094	11	0	1	0	1	0
"274"	0	0	5.1	2	1	1	26.01	2	1	0	0	1	1	1	1	0	1	0	-0.416981279850006	11	0	1	0	1	0
"275"	1	0	3.9	5	2	1	15.21	3	1	0	0	1	1	1	2	0	1	0	-0.473139226436615	11	0	1	0	1	0
"276"	0	1	5.2	3	2	0	27.04	2	0	1	0	0	0	1	1	0	1	0	-1.24018979072571	7	0	1	0	1	0
"277"	1	0	3.8	5	1	1	14.44	2	1	1	0	0	1	1	1	0	1	0	-2.19520616531372	9	0	1	0	1	0
"278"	0	1	6.2	3	1	1	38.44	2	1	1	0	0	1	1	2	0	1	0	-1.3708108663559	7	0	1	0	1	0
"279"	1	1	6.7	1	2	1	44.89	3	1	1	0	0	1	1	2	0	1	0	1.58351361751556	6	0	1	0	1	0
"280"	0	0	4.1	3	1	1	16.81	2	1	1	0	0	1	1	1	0	1	0	1.57204031944275	9	0	1	0	1	0
"281"	1	0	3.5	5	2	1	12.25	2	1	1	0	0	1	1	1	0	1	0	-0.416981279850006	9	0	1	0	1	0
"282"	0	0	2	3	2	1	4	2	1	0	0	1	1	1	1	0	1	0	-2.19520616531372	11	0	1	0	1	0
"283"	1	1	2.2	5	1	1	4.84	2	0	0	0	1	1	1	1	0	1	0	0.481876999139786	11	0	1	0	1	0
"284"	0	0	3.7	3	2	1	13.69	3	1	1	0	0	1	1	2	0	1	0	0.481876999139786	3	0	1	0	1	0
"285"	1	1	2.7	3	2	1	7.29	2	1	0	0	1	1	1	2	0	1	0	-1.24018979072571	11	0	1	0	1	0
"286"	0	0	3.6	5	3	1	12.96	2	1	1	0	0	1	1	1	0	1	0	-0.416981279850006	8	0	1	0	1	1
"287"	1	0	3.9	5	1	1	15.21	2	1	1	0	0	1	1	1	0	1	0	-1.24018979072571	9	0	1	0	1	0
"288"	0	1	5.2	3	2	1	27.04	3	1	1	0	0	0	1	1	0	1	0	-0.416981279850006	9	0	1	0	1	0
"290"	0	1	2.9	5	0	0	8.41	2	0	0	0	0	0	1	4	0	1	0	0.684655368328094	8	0	1	0	0	0
"291"	1	0	5.2	2	3	0	27.04	2	0	0	0	1	0	1	1	0	1	0	-1.37199747562408	11	0	1	0	1	0
"293"	0	0	4.9	5	3	1	24.01	2	0	0	0	0	1	1	1	0	1	0	0.481876999139786	10	0	1	0	0	0
"294"	1	1	2.4	7	2	0	5.76	1	1	0	0	0	0	1	2	0	1	0	1.57204031944275	6	0	1	0	0	0
"295"	0	0	1.8	8	3	0	3.24	2	0	0	0	0	0	1	4	0	1	0	1.77481877803802	9	0	1	0	0	0
"297"	0	0	1.8	3	2	1	3.24	2	0	0	0	1	1	1	1	0	1	0	-0.416981279850006	11	0	1	0	1	0
"298"	1	1	6.8	9	1	1	46.24	2	1	0	0	1	1	1	2	0	1	0	2.67367696762085	9	0	1	0	0	0
"300"	1	0	5.6	3	1	0	31.36	2	0	1	0	0	0	1	0	0	1	0	-1.37199747562408	6	0	1	1	1	0
"302"	1	0	3	1	2	1	9	3	1	0	0	1	1	1	1	0	1	0	-1.24018979072571	10	0	1	0	1	0
"303"	0	0	3.5	5	1	1	12.25	2	1	0	0	0	1	1	1	0	1	0	0.971940279006958	9	0	1	0	0	1
"305"	1	0	3.5	5	3	1	12.25	3	1	1	0	0	1	0	4	0	1	0	-1.24018979072571	9	1	1	0	1	0
"306"	0	0	6	2	3	1	36	2	0	1	0	0	1	0	1	0	1	0	-1.24018979072571	9	0	1	0	1	0
"307"	1	0	5.8	3	1	1	33.64	1	1	1	0	0	1	0	1	0	1	0	-1.37199747562408	7	0	1	0	0	0
"308"	0	0	3.6	3	2	1	12.96	2	1	1	0	0	1	1	1	0	1	0	-0.416981279850006	6	0	1	0	1	0
"309"	1	0	4.1	2	2	1	16.81	2	1	0	0	1	1	0	1	0	1	0	-0.341331571340561	10	0	1	0	1	0
"310"	0	1	2.4	9	2	1	5.76	3	0	0	1	0	1	0	4	0	1	0	1.57204031944275	8	0	1	0	1	0
"311"	1	0	4.7	5	2	1	22.09	4	1	0	0	1	0	0	1	0	1	0	-1.37199747562408	11	1	1	0	1	0
"312"	1	0	4.7	2	1	1	22.09	1	1	0	0	1	1	0	2	0	1	0	-1.37199747562408	8	1	1	0	0	0
"313"	0	1	4.9	4	2	0	24.01	3	1	0	0	1	0	0	1	0	1	0	-0.341331571340561	9	0	1	0	1	0
"314"	1	0	3	3	3	1	9	3	1	1	0	0	0	0	4	0	1	0	-2.19520616531372	6	0	1	0	1	0
"315"	0	1	2.4	3	1	1	5.76	3	1	0	0	0	1	0	3	0	1	0	-0.150026470422745	5	0	1	0	0	0
"316"	1	1	2.2	2	1	0	4.84	3	0	0	0	0	0	0	4	0	1	0	-1.37199747562408	9	0	1	0	0	0
"317"	0	0	1.9	5	1	1	3.61	2	0	0	0	1	1	0	1	0	1	0	-1.24018979072571	10	0	1	0	0	0
"318"	1	1	2.9	2	2	1	8.41	2	1	0	0	1	1	1	2	0	1	0	-2.19520616531372	6	0	1	0	0	0
"319"	0	0	2.3	9	1	1	5.29	3	0	1	0	0	1	0	1	0	1	0	-1.37199747562408	8	0	1	0	0	0
"320"	0	0	5.4	5	1	1	29.16	1	1	0	0	1	1	1	2	0	1	0	0.481876999139786	10	0	1	0	0	0
"321"	0	0	2.9	6	1	1	8.41	3	0	1	0	0	1	1	3	0	1	0	1.77481877803802	1	0	1	0	0	0
"322"	1	1	2.1	5	2	1	4.41	2	0	0	0	1	1	1	2	0	1	0	-0.416981279850006	10	0	1	0	0	0
"324"	0	1	6.9	2	1	1	47.61	3	1	0	0	0	1	1	3	0	1	0	-2.19520616531372	11	0	1	0	0	0
"325"	1	0	2	5	0	1	4	1	0	0	0	0	1	1	1	0	1	0	-0.416981279850006	11	0	1	0	0	0
"326"	1	1	2.7	3	1	1	7.29	3	0	1	0	0	1	1	4	0	1	0	-0.341331571340561	6	0	1	0	1	0
"327"	0	0	3.6	5	0	1	12.96	1	1	0	0	0	1	1	3	0	1	0	-1.24018979072571	6	0	1	0	0	0
"328"	1	1	2.8	7	1	0	7.84	2	0	0	0	0	0	1	4	0	1	0	1.57204031944275	1	0	1	0	0	0
"329"	0	0	4.1	3	0	1	16.81	1	1	0	0	0	1	1	3	0	1	0	0.481876999139786	7	0	1	0	0	0
"331"	1	1	4.8	3	3	1	23.04	4	1	1	0	0	1	1	4	0	1	0	0.748831808567047	1	0	1	0	1	0
"332"	0	1	2.4	4	1	1	5.76	2	1	0	0	1	1	1	1	0	1	0	1.57204031944275	11	0	1	0	1	0
"333"	1	0	6.3	1	1	1	39.69	2	1	0	0	1	1	1	1	0	1	0	0.481876999139786	6	0	1	0	0	0
"334"	0	0	4.6	5	2	1	21.16	3	1	1	0	0	1	1	2	0	1	0	-0.416981279850006	6	0	1	0	1	0
"335"	1	1	2.1	7	2	1	4.41	2	0	0	0	0	1	1	4	0	1	0	1.57204031944275	7	0	1	0	0	0
"336"	0	0	4.1	4	1	0	16.81	1	1	0	0	0	0	1	4	0	1	0	0.481876999139786	4	0	1	0	0	0
"337"	0	1	6.1	2	1	1	37.21	2	1	0	0	0	0	1	3	0	1	0	-1.37199747562408	6	0	1	0	0	0
"338"	1	1	4.3	3	2	1	18.49	1	1	0	0	1	1	1	4	0	1	0	-1.24018979072571	9	0	1	0	1	1
"339"	0	1	2.4	8	2	1	5.76	4	1	0	1	0	1	1	3	0	1	0	-0.416981279850006	1	0	1	0	1	0
"340"	1	1	3.6	5	1	1	12.96	1	1	0	0	1	1	1	1	0	1	0	1.57204031944275	11	0	1	0	0	0
"341"	0	1	2.4	3	1	1	5.76	2	0	0	1	0	0	1	4	0	1	0	1.57204031944275	5	0	1	0	0	0
"342"	1	0	5.2	5	1	1	27.04	4	1	0	0	1	1	1	2	0	1	0	2.67367696762085	8	0	1	0	0	0
"343"	0	0	2.5	8	2	1	6.25	3	1	0	0	0	1	1	2	0	1	0	2.67367696762085	6	0	1	0	0	0
"344"	1	0	3.3	8	2	1	10.89	2	1	0	0	0	1	1	2	0	1	0	1.57204031944275	9	0	1	0	0	0
"345"	0	0	2.1	7	2	1	4.41	4	0	1	0	0	1	1	3	0	1	0	0.481876999139786	1	0	1	0	1	1
"346"	1	0	4.4	5	1	0	19.36	3	1	1	0	0	0	1	3	0	1	0	1.57204031944275	6	0	1	0	0	0
"347"	1	1	5.5	7	2	1	30.25	2	1	0	0	0	1	1	3	0	1	0	1.57204031944275	7	0	1	0	0	0
"348"	0	1	3.8	9	2	1	14.44	3	1	0	0	1	1	1	2	0	1	0	1.57204031944275	9	0	1	0	1	0
"349"	1	1	7	1	1	1	49	2	0	1	0	0	1	1	3	0	1	0	-1.37199747562408	1	0	1	0	1	0
"350"	0	0	4.4	3	1	1	19.36	2	1	1	0	0	1	1	4	0	1	0	0.67318207025528	1	0	1	0	1	0
"351"	0	0	3.7	5	1	1	13.69	3	1	0	0	1	1	1	1	0	1	0	-1.37199747562408	11	0	1	0	1	0
"352"	0	0	2.9	7	1	1	8.41	2	1	0	0	1	1	1	3	0	1	0	-0.416981279850006	11	1	1	0	1	0
"353"	1	0	7.2	5	1	1	51.84	2	0	0	0	1	1	1	2	0	1	0	0.481876999139786	11	0	1	0	1	0
"354"	0	0	2.2	4	1	1	4.84	3	0	0	0	1	1	1	1	0	1	0	-0.416981279850006	11	0	1	0	0	0
"355"	0	1	2	5	1	1	4	3	0	0	0	1	1	1	1	0	1	0	-0.416981279850006	11	0	1	0	1	0
"356"	1	0	3.2	5	1	1	10.24	2	1	0	1	0	1	1	4	0	1	0	-0.416981279850006	1	0	1	0	0	0
"357"	0	0	3.1	3	1	1	9.61	2	1	0	1	0	1	1	3	0	1	0	0.674368739128113	1	0	1	0	1	0
"358"	1	1	2.3	3	1	1	5.29	2	1	0	0	1	1	1	1	0	1	0	-0.416981279850006	11	0	1	0	1	0
"359"	0	1	4.7	3	1	1	22.09	1	1	0	1	0	1	1	4	0	1	0	-0.416981279850006	1	0	1	0	1	0
"360"	1	0	2.4	3	1	1	5.76	4	0	0	1	0	1	1	4	0	1	0	0.67318207025528	1	0	1	0	0	0
"361"	0	0	2.1	5	1	1	4.41	3	0	1	0	0	1	1	4	0	1	0	-0.416981279850006	3	0	1	0	1	0
"362"	1	0	5.4	5	1	1	29.16	1	1	0	0	1	1	1	2	0	1	0	0.481876999139786	11	0	1	0	1	0
"363"	0	1	4	3	1	1	16	4	1	0	0	1	1	1	1	0	1	0	-0.416981279850006	11	0	1	0	1	0
"365"	1	1	4.3	9	2	1	18.49	2	1	0	0	1	1	1	2	0	1	0	2.67367696762085	11	1	1	0	1	0
"366"	1	1	1.9	5	3	0	3.61	3	0	0	1	0	0	1	2	0	1	0	0.617024123668671	6	0	1	0	1	1
"367"	0	1	2.7	4	1	0	7.29	2	0	0	0	1	0	1	3	0	1	0	1.57204031944275	3	0	1	0	1	0
"368"	1	1	7.1	5	2	1	50.41	2	1	0	0	1	0	1	2	0	1	0	0.481876999139786	6	1	1	0	0	0
"369"	0	1	5.5	5	1	1	30.25	3	1	0	0	1	1	1	2	0	1	0	1.57204031944275	11	0	1	0	1	0
"370"	1	0	4.5	7	2	1	20.25	3	1	0	0	0	1	1	4	0	1	0	-0.416981279850006	7	0	1	0	0	0
"371"	0	1	2.2	6	2	0	4.84	2	0	0	0	0	0	1	4	0	1	0	-0.416981279850006	6	0	1	0	0	0
"372"	1	1	4.7	5	2	0	22.09	3	1	1	0	0	0	1	3	0	1	0	2.67367696762085	6	0	1	0	1	0
"373"	0	1	5	3	2	1	25	3	1	0	0	1	1	1	2	0	1	0	-1.24018979072571	11	0	1	0	1	0
"374"	0	0	2	5	2	0	4	2	0	1	0	0	0	1	0	0	1	0	-1.29634773731232	6	0	1	1	0	0
"375"	1	0	7.1	1	1	1	50.41	2	0	0	0	1	1	1	2	0	1	0	0.481876999139786	7	0	1	0	1	0
"376"	0	1	3.3	5	1	1	10.89	3	1	0	0	1	1	1	2	0	1	0	-0.341331571340561	9	0	1	0	1	0
"378"	0	0	6.2	2	1	1	38.44	2	0	0	0	0	0	1	1	0	1	0	-2.19520616531372	10	0	1	0	0	0
"379"	1	0	4.7	7	3	1	22.09	3	1	0	0	0	1	1	2	0	1	0	2.67367696762085	8	0	1	0	0	0
"380"	0	0	4.9	4	1	0	24.01	1	1	0	0	0	0	1	4	0	1	0	-1.24018979072571	2	0	1	0	0	0
"381"	1	1	5.8	2	2	1	33.64	2	1	0	0	1	1	1	1	0	1	0	-0.341331571340561	11	0	1	0	1	0
"382"	0	1	6.6	2	3	1	43.56	3	1	0	0	1	1	1	1	0	1	0	1.57204031944275	11	0	1	0	1	0
"383"	1	0	5.4	3	3	1	29.16	3	0	0	0	1	1	1	2	0	1	0	-0.416981279850006	6	1	1	0	1	0
"384"	0	0	4.7	7	3	1	22.09	4	1	0	0	1	1	1	2	0	1	0	1.57204031944275	11	1	1	0	1	0
"385"	1	1	2.3	7	2	1	5.29	1	0	0	1	0	1	1	2	0	1	0	-0.416981279850006	8	0	1	0	0	0
"386"	1	0	5.2	2	0	1	27.04	3	0	0	0	1	1	1	1	0	1	0	-0.473139226436615	11	0	1	0	0	0
"387"	0	0	3.7	3	1	1	13.69	2	1	0	0	0	0	1	0	0	1	0	0.748831808567047	9	0	1	1	0	0
"389"	0	1	3.6	3	3	1	12.96	2	1	1	0	0	1	1	3	0	1	0	-0.416981279850006	7	0	1	0	0	0
"390"	0	0	2.8	5	1	1	7.84	2	0	1	0	0	1	1	2	0	1	0	-0.341331571340561	8	0	1	0	0	0
"391"	1	1	3	7	1	0	9	1	0	0	0	0	0	1	3	0	1	0	1.57204031944275	6	0	1	0	0	0
"392"	1	0	2.4	7	1	1	5.76	1	0	1	0	0	1	0	2	0	1	0	-1.24018979072571	9	0	1	0	0	0
"393"	0	0	2.4	5	2	1	5.76	3	1	0	0	1	1	1	1	0	1	0	-1.24018979072571	11	0	1	0	0	1
"394"	1	1	2.9	7	4	1	8.41	3	0	0	0	1	1	1	2	0	1	0	-0.416981279850006	10	1	1	0	0	1
"395"	0	1	2.6	3	2	1	6.76	2	1	0	0	1	1	1	2	0	1	0	-1.24018979072571	10	1	1	0	0	0
"396"	1	1	3.5	5	0	1	12.25	2	0	0	0	0	1	1	2	0	1	0	-0.416981279850006	9	0	1	0	0	0
"397"	0	1	3.9	4	3	1	15.21	2	1	0	0	0	1	1	4	0	1	0	1.57204031944275	7	1	1	0	0	0
"398"	0	0	5.4	3	2	1	29.16	2	0	0	1	0	0	0	2	0	0	0	-1.24018979072571	7	0	0	0	0	0
"399"	1	0	2.7	9	3	1	7.29	3	0	0	1	0	1	0	4	0	0	0	0.67318207025528	1	0	0	0	0	1
"400"	1	1	1.9	8	2	1	3.61	3	0	0	0	1	0	0	2	0	0	0	0.481876999139786	11	0	0	0	1	0
"401"	1	0	3.8	5	0	1	14.44	3	0	0	0	1	1	0	2	0	0	0	-0.416981279850006	11	0	0	0	1	0
"402"	1	1	2	4	0	0	4	2	0	0	0	1	0	0	0	0	0	0	-0.416981279850006	9	0	0	1	0	0
"403"	0	0	4.6	5	2	0	21.16	2	0	0	0	1	0	0	3	0	0	0	-1.37199747562408	11	0	0	0	0	0
"405"	0	0	4	2	2	1	16	2	1	0	0	0	0	0	0	0	0	0	-0.416981279850006	11	0	0	1	0	0
"406"	0	1	3.8	5	2	1	14.44	2	1	0	0	0	1	0	3	0	0	0	-2.19520616531372	7	0	0	0	0	1
"408"	1	0	2.6	5	2	1	6.76	2	0	0	0	0	1	0	3	0	0	0	-0.416981279850006	4	0	0	0	0	0
"409"	0	0	2.7	3	1	1	7.29	3	1	0	1	0	1	0	3	0	0	0	-1.37199747562408	8	0	0	0	0	0
"413"	0	1	2.7	4	1	0	7.29	2	1	0	0	1	0	1	0	0	0	0	-0.416981279850006	5	0	0	1	0	0
"415"	1	0	4.6	2	3	1	21.16	1	1	0	0	1	1	1	2	0	0	0	-2.19520616531372	4	1	0	0	0	0
"417"	1	0	2.8	3	3	1	7.84	1	1	0	0	1	0	1	3	0	0	0	4.06259870529175	8	0	0	0	0	0
"418"	0	0	2.9	5	2	0	8.41	3	1	0	1	0	0	1	3	0	0	0	-0.416981279850006	6	1	0	0	0	0
"419"	1	0	4.3	7	1	1	18.49	2	1	0	1	0	1	1	2	0	0	0	-0.416981279850006	6	0	0	0	0	0
"420"	0	1	2.7	7	1	0	7.29	3	0	0	1	0	0	1	3	0	0	0	0.481876999139786	4	0	0	0	1	0
"421"	1	0	3.9	7	0	0	15.21	1	0	0	0	1	0	1	3	0	0	0	-1.37199747562408	8	0	0	0	0	1
"422"	0	1	6.8	5	3	0	46.24	4	0	0	0	1	0	1	1	0	0	0	0.481876999139786	11	0	0	0	1	0
"424"	1	1	2.1	2	1	1	4.41	1	1	0	0	0	1	0	4	0	0	0	-1.37199747562408	9	0	0	0	0	0
"425"	0	0	5	3	2	1	25	1	1	0	0	0	1	0	4	0	0	0	-2.19520616531372	9	1	0	0	0	0
"426"	1	0	7.1	3	2	1	50.41	4	1	0	1	0	1	0	4	0	0	0	-2.00271439552307	11	0	0	0	1	0
"428"	1	0	6.4	2	0	1	40.96	1	1	0	0	1	1	0	3	0	0	0	1.57204031944275	11	0	0	0	1	0
"430"	1	1	5.8	3	2	1	33.64	1	0	0	0	1	0	1	3	0	0	0	-1.24018979072571	10	0	0	0	1	0
"432"	1	0	5.2	2	1	1	27.04	2	0	1	0	0	1	0	3	0	0	0	-0.416981279850006	5	1	0	0	0	0
"433"	0	0	6	2	1	1	36	4	1	0	0	1	0	0	3	0	0	0	0.481876999139786	11	0	0	0	1	0
"435"	0	1	8.2	2	2	1	67.24	3	1	1	0	0	0	0	1	0	0	0	2.07357692718506	9	0	0	0	0	0
"436"	1	0	4.9	5	1	1	24.01	4	1	1	0	0	0	0	1	0	0	0	-0.416981279850006	10	0	0	0	0	0
"440"	1	0	3.5	4	1	1	12.25	2	1	1	0	0	0	0	3	0	0	0	-0.341331571340561	8	0	0	0	1	0
"441"	0	1	2.8	8	1	1	7.84	2	0	0	0	1	0	0	4	0	0	0	0.481876999139786	6	0	0	0	1	0
"442"	0	1	4.5	5	3	1	20.25	2	0	0	1	0	1	1	0	0	1	0	-1.37199747562408	9	0	0	1	1	0
"443"	1	0	3.5	3	1	0	12.25	1	1	0	0	1	0	1	1	0	1	0	-1.37199747562408	4	0	0	0	1	0
"445"	1	1	6.3	5	3	1	39.69	2	1	0	0	1	1	1	2	0	1	0	0.481876999139786	9	0	0	0	0	0
"446"	0	0	1.8	5	1	1	3.24	2	0	0	0	1	1	1	2	0	1	0	-1.24018979072571	8	0	0	0	0	0
"447"	1	0	6.1	1	2	1	37.21	1	1	0	0	1	1	1	0	0	1	0	-0.416981279850006	6	0	0	1	1	0
"449"	1	0	3	5	3	1	9	1	1	0	0	1	0	1	1	0	1	0	1.57204031944275	9	0	0	0	0	0
"450"	0	0	4.3	5	2	1	18.49	2	0	0	0	0	1	1	4	0	1	0	-1.24018979072571	8	0	0	0	0	0
"451"	1	1	3	5	1	1	9	2	1	0	0	0	1	1	2	0	1	0	-0.341331571340561	8	0	0	0	0	0
"452"	0	1	2.2	7	1	1	4.84	2	1	1	0	0	1	1	4	0	1	0	1.58351361751556	8	0	0	0	1	0
"453"	1	1	4	5	3	1	16	2	1	1	0	0	0	1	1	0	1	0	-1.37199747562408	11	1	0	0	0	0
"454"	0	1	6.9	2	2	1	47.61	4	1	0	1	0	1	1	1	0	1	0	-0.416981279850006	8	0	0	0	0	0
"455"	1	1	3.9	5	1	1	15.21	1	0	0	0	1	1	1	1	0	1	0	2.97243523597717	9	0	0	0	1	0
"456"	0	1	4.1	5	2	1	16.81	4	0	0	0	1	1	1	1	0	1	0	-0.341331571340561	11	0	0	0	1	0
"457"	1	0	3.4	4	1	1	11.56	2	0	0	1	0	1	1	4	1	0	0	-1.24018979072571	1	1	0	0	1	0
"460"	1	1	3.3	5	2	1	10.89	2	1	1	0	0	1	1	4	1	0	0	0.481876999139786	7	0	0	0	0	0
"461"	0	0	2.6	5	1	0	6.76	1	1	0	0	1	0	1	2	1	0	0	-0.416981279850006	6	0	0	0	0	0
"462"	1	0	4	3	0	0	16	2	0	0	1	0	0	1	4	1	0	0	-2.19520616531372	9	0	0	0	1	0
"463"	0	0	3.6	4	3	0	12.96	2	0	0	0	0	0	1	3	1	0	0	-0.416981279850006	8	0	0	0	0	0
"464"	1	0	1.9	7	2	1	3.61	4	0	0	0	0	1	1	4	1	0	0	0.748831808567047	6	0	0	0	0	0
"465"	0	0	2.6	5	2	1	6.76	2	0	0	1	0	1	1	4	1	0	0	-2.19520616531372	4	0	0	0	0	0
"466"	1	1	7	2	0	1	49	2	0	0	1	0	1	1	4	1	0	0	0.481876999139786	1	0	0	0	1	0
"467"	0	0	2.2	7	1	0	4.84	3	0	0	0	0	0	1	3	1	0	0	-0.341331571340561	4	0	0	0	0	0
"469"	1	0	4.1	5	1	1	16.81	2	1	0	0	1	1	1	2	1	0	0	-2.19520616531372	9	0	0	0	0	0
"470"	0	0	3.1	9	2	1	9.61	3	0	0	0	1	1	1	2	1	0	0	2.67367696762085	9	0	0	0	0	0
"471"	0	1	1.9	8	2	0	3.61	4	0	0	0	0	0	1	3	1	0	0	-0.473139226436615	6	0	0	0	0	0
"472"	1	1	1.9	3	1	1	3.61	3	0	0	0	1	0	1	2	1	0	0	-1.24018979072571	10	0	0	0	0	0
"473"	0	1	2.6	6	1	1	6.76	2	0	0	1	0	1	1	4	1	0	0	2.67367696762085	1	0	0	0	0	1
"475"	0	1	2.1	6	2	1	4.41	3	0	0	0	0	0	1	2	1	0	0	0.481876999139786	5	0	0	0	0	0
"476"	1	0	3.7	7	3	1	13.69	2	1	0	1	0	1	1	4	1	0	0	1.58351361751556	4	1	0	0	0	0
"477"	0	1	4.5	5	2	1	20.25	3	0	0	0	0	0	1	3	1	0	0	1.57204031944275	6	0	0	0	0	0
"478"	1	1	8.1	3	2	1	65.61	2	1	0	1	0	1	1	3	1	0	0	-0.416981279850006	3	0	0	0	1	0
"479"	0	1	6.2	9	2	1	38.44	3	1	0	0	1	0	1	2	1	0	0	2.67367696762085	9	0	0	0	0	0
"480"	1	1	2.8	7	2	0	7.84	3	0	0	0	0	0	1	3	1	0	0	0.481876999139786	4	0	0	0	0	0
"481"	0	0	3.3	7	2	1	10.89	2	0	0	0	0	0	1	2	1	0	0	1.57204031944275	6	0	0	0	0	0
"482"	0	1	2.6	8	2	1	6.76	3	0	0	1	0	0	1	4	1	0	0	1.57204031944275	6	0	0	0	1	0
"483"	1	0	3.2	7	2	1	10.24	2	1	0	0	0	1	1	2	1	0	0	-0.416981279850006	9	0	0	0	0	0
"484"	0	0	4	5	2	1	16	3	1	0	0	0	1	1	4	1	0	0	2.67367696762085	6	0	0	0	0	0
"485"	1	0	1.9	6	2	0	3.61	3	0	0	0	0	0	1	3	1	0	0	2.67367696762085	5	0	0	0	0	0
"486"	0	0	7.3	3	2	1	53.29	3	1	0	1	0	0	1	4	1	0	0	0.481876999139786	5	0	0	0	1	0
"487"	1	1	3.6	9	3	1	12.96	4	0	0	1	0	1	1	3	1	0	0	2.67367696762085	9	0	0	0	0	0
"488"	0	0	3	3	2	1	9	4	0	0	0	1	1	1	1	1	0	0	-1.24018979072571	10	0	0	0	0	0
"489"	1	0	2.5	3	3	1	6.25	3	1	0	0	1	1	1	1	1	0	0	-1.24018979072571	11	0	0	0	0	0
"490"	0	1	2.3	6	2	0	5.29	2	0	1	0	0	0	1	2	1	0	0	-0.206184417009354	9	0	0	0	0	0
"491"	0	0	5.5	7	1	1	30.25	2	1	0	0	1	1	1	1	1	0	0	2.67367696762085	10	0	0	0	1	0
"492"	1	1	8.3	9	2	1	68.89	1	1	0	1	0	1	1	4	1	0	0	2.67367696762085	7	0	0	0	1	0
"493"	1	0	6.8	9	4	1	46.24	4	0	0	1	0	0	1	4	1	0	0	2.67367696762085	1	0	0	0	1	0
"494"	0	0	7.1	9	1	1	50.41	3	0	0	1	0	1	1	4	1	0	0	2.67367696762085	1	0	0	0	1	0
"495"	0	1	4.2	5	1	1	17.64	3	1	0	0	0	0	1	3	1	0	0	0.481876999139786	8	0	0	0	0	0
"496"	1	0	7.6	7	4	1	57.76	4	0	0	0	1	0	1	1	1	0	0	2.67367696762085	11	0	0	0	1	0
"498"	0	1	5	9	2	1	25	4	0	0	0	0	0	1	4	1	0	0	2.67367696762085	1	0	0	0	0	0
"499"	1	1	4	8	2	1	16	3	1	0	0	1	1	1	3	1	0	0	2.67367696762085	11	0	0	0	1	0
"500"	0	0	4.9	7	1	1	24.01	3	1	1	0	0	1	1	3	1	0	0	-0.473139226436615	9	0	0	0	0	0
"502"	0	1	2.6	9	1	1	6.76	3	0	0	0	0	0	1	3	1	0	0	2.67367696762085	6	0	0	0	0	0
"503"	0	0	5.8	7	1	1	33.64	3	1	0	0	1	1	1	2	1	0	0	2.67367696762085	11	0	0	0	1	0
"505"	1	1	5.9	3	1	1	34.81	3	0	0	0	1	1	1	3	1	0	0	-0.473139226436615	11	0	0	0	1	0
"506"	1	1	2	5	1	1	4	3	0	0	0	1	1	1	3	1	0	0	0.617024123668671	6	0	0	0	1	0
"507"	0	1	4.1	7	3	1	16.81	1	0	0	0	0	1	1	4	1	0	0	1.77481877803802	1	0	0	0	0	0
"508"	1	1	4.1	5	3	1	16.81	2	1	0	1	0	1	1	2	1	0	0	-0.416981279850006	10	0	0	0	0	0
"509"	0	1	2.9	3	2	0	8.41	2	1	0	0	1	0	1	3	1	0	0	1.58351361751556	7	0	0	0	0	0
"510"	1	1	2.8	5	3	1	7.84	2	0	0	1	0	1	1	4	1	0	0	0.67318207025528	7	0	0	0	0	0
"511"	0	1	4	6	2	1	16	3	1	0	1	0	0	1	4	1	0	0	0.481876999139786	6	0	0	0	0	0
"512"	1	1	8.2	3	1	1	67.24	3	1	0	1	0	0	1	4	1	0	0	0.481876999139786	3	0	0	0	1	0
"513"	0	0	4	5	2	1	16	3	0	0	0	0	0	0	3	1	0	0	-0.416981279850006	4	0	0	0	0	0
"514"	1	1	8	2	2	1	64	3	0	0	0	0	1	1	3	1	0	0	-1.24018979072571	4	0	0	0	0	0
"515"	0	0	2.3	2	1	1	5.29	3	0	0	0	0	0	1	3	1	0	0	-0.416981279850006	4	0	0	0	0	0
"516"	1	0	4.5	3	3	0	20.25	1	1	0	0	0	0	1	4	1	0	0	-1.24018979072571	6	0	0	0	0	0
"517"	0	0	4	7	2	1	16	2	1	0	1	0	1	1	4	1	0	0	-0.341331571340561	4	0	0	0	0	0
"518"	1	0	2.3	5	3	1	5.29	4	0	1	0	0	1	1	3	1	0	0	1.58351361751556	1	0	0	0	1	1
"519"	0	0	2.6	4	3	1	6.76	3	0	1	0	0	1	1	4	1	0	0	-0.138553187251091	3	0	0	0	0	0
"520"	1	0	3.7	7	2	1	13.69	3	1	0	0	0	0	1	2	1	0	0	1.57204031944275	9	0	0	0	0	0
"521"	0	0	2	5	2	1	4	3	0	0	0	0	1	1	3	1	0	0	0.481876999139786	6	0	0	0	0	0
"522"	1	1	2.6	5	1	1	6.76	2	0	0	0	0	1	1	4	1	0	0	0.481876999139786	6	0	0	0	0	0
"523"	1	0	1.9	7	3	1	3.61	3	0	0	1	0	0	1	4	1	0	0	-0.416981279850006	2	0	0	0	0	0
"524"	0	1	3.3	4	2	1	10.89	2	0	0	0	0	0	1	4	1	0	0	-1.37199747562408	5	0	0	0	0	0
"525"	1	0	4.2	3	3	1	17.64	3	0	0	0	0	0	1	4	1	0	0	-0.416981279850006	3	1	0	0	0	0
"526"	1	1	6.9	1	4	1	47.61	4	1	0	1	0	0	1	4	1	0	0	0.481876999139786	3	0	0	0	0	0
"527"	0	0	4	3	3	1	16	3	1	0	1	0	0	1	4	1	0	0	-0.416981279850006	1	0	0	0	1	0
"528"	1	0	2.2	9	4	1	4.84	2	0	0	0	0	0	1	3	1	0	0	1.57204031944275	5	0	0	0	0	0
"529"	0	0	2.2	4	3	1	4.84	3	0	0	1	0	0	1	4	1	0	0	-0.416981279850006	2	0	0	0	0	0
"530"	1	0	3.4	5	4	1	11.56	4	0	0	1	0	0	1	4	1	0	0	-1.29634773731232	1	0	0	0	1	0
"531"	0	0	2.2	7	2	1	4.84	2	0	0	0	0	0	1	4	1	0	0	-0.416981279850006	1	0	0	0	0	0
"532"	1	0	3.5	3	4	1	12.25	3	1	0	1	0	0	1	4	1	0	0	0.481876999139786	4	0	0	0	0	0
"533"	0	0	2	8	3	1	4	4	0	0	0	0	0	1	3	1	0	0	-0.416981279850006	6	0	0	0	0	0
"534"	0	0	5.4	5	2	1	29.16	2	1	0	1	0	0	1	3	1	0	0	-0.416981279850006	4	0	0	0	1	0
"537"	0	1	3	5	2	1	9	3	0	0	0	1	0	1	1	1	0	0	-0.416981279850006	10	0	0	0	0	0
"538"	1	1	1.9	7	4	1	3.61	3	0	0	1	0	0	1	4	1	0	0	0.481876999139786	6	0	0	0	0	0
"539"	0	1	3.1	5	3	1	9.61	2	1	0	1	0	0	1	4	1	0	0	-0.416981279850006	2	0	0	0	0	0
"540"	1	0	8.4	3	1	0	70.56	2	0	0	1	0	0	1	2	1	0	0	0.481876999139786	11	0	0	0	1	0
"541"	0	0	6.4	9	2	1	40.96	1	0	1	0	0	1	1	1	1	0	0	0.481876999139786	4	0	0	0	0	0
"542"	1	1	7.1	9	2	1	50.41	2	1	1	0	0	1	1	3	1	0	0	4.06259870529175	7	0	0	0	0	0
"543"	0	1	2.9	9	2	1	8.41	3	0	1	0	0	1	1	2	1	0	0	2.67367696762085	6	0	0	0	0	0
"544"	1	1	3.6	9	2	1	12.96	1	1	1	0	0	1	1	1	1	0	0	2.67367696762085	7	0	0	0	0	0
"545"	0	0	4.9	9	1	1	24.01	4	0	0	1	0	1	1	3	1	0	0	4.06259870529175	7	0	0	0	0	0
"546"	1	1	7.9	9	3	1	62.41	4	1	1	0	0	1	1	2	1	0	0	4.06259870529175	6	0	0	0	0	0
"547"	1	0	5.7	7	2	1	32.49	3	1	0	1	0	1	1	4	1	0	0	-2.19520616531372	1	0	0	0	1	0
"548"	0	1	8.1	2	1	1	65.61	1	1	0	1	0	1	1	4	1	0	0	-0.341331571340561	1	0	0	0	0	0
"550"	0	1	3.7	7	2	0	13.69	2	0	1	0	0	0	1	1	1	0	0	2.67367696762085	5	0	0	0	1	0
"551"	1	1	7.5	9	2	1	56.25	1	1	0	0	1	1	1	1	1	0	0	0.481876999139786	9	0	0	0	1	0
"553"	0	1	4	5	1	1	16	1	1	0	0	1	0	0	4	0	1	0	-2.19520616531372	8	0	0	0	1	0
"554"	1	0	4.6	5	1	1	21.16	1	1	0	0	0	1	0	4	0	1	0	-0.416981279850006	6	0	0	0	0	0
"555"	0	1	2.8	6	2	0	7.84	2	0	0	0	0	0	0	3	0	1	0	-0.416981279850006	3	1	0	0	0	0
"556"	1	0	3.8	5	1	1	14.44	2	1	0	0	0	0	0	4	0	1	0	-0.416981279850006	7	0	0	0	0	0
"557"	0	0	5.6	2	2	1	31.36	2	0	0	0	1	1	0	1	0	1	0	-1.24018979072571	10	0	0	0	0	0
"558"	1	1	1.9	5	2	0	3.61	2	0	0	0	1	0	0	2	0	1	0	-1.24018979072571	9	0	0	0	0	0
"559"	0	0	5.9	3	2	1	34.81	1	1	0	0	1	1	0	2	0	1	0	-0.416981279850006	11	0	0	0	1	0
"560"	0	0	2.9	3	1	1	8.41	1	1	0	0	0	1	0	2	0	1	0	-2.19520616531372	9	0	0	0	0	0
"561"	1	0	6.1	3	2	1	37.21	2	1	0	1	0	1	0	4	0	1	0	-2.19520616531372	3	0	0	0	0	0
"562"	0	1	2.3	6	2	1	5.29	3	0	0	0	0	0	0	4	0	1	0	-0.416981279850006	2	1	0	0	0	1
"563"	1	0	4.2	9	2	1	17.64	3	0	0	0	1	1	0	1	1	0	0	-1.37199747562408	9	0	0	0	0	0
"564"	0	0	3.9	6	2	1	15.21	2	0	0	0	1	1	0	1	1	0	0	-1.24018979072571	11	0	0	0	1	0
"565"	1	0	3.6	4	1	1	12.96	3	0	0	0	1	1	0	1	1	0	0	-2.19520616531372	11	0	0	0	1	0
"566"	0	0	8.1	1	1	1	65.61	2	0	0	0	1	1	0	1	1	0	0	-0.473139226436615	10	0	0	0	1	0
"567"	0	0	4.3	2	1	1	18.49	2	1	0	0	1	1	0	1	1	0	0	-0.416981279850006	11	0	0	0	1	0
"568"	1	0	4.9	3	2	1	24.01	3	1	0	0	1	1	0	1	1	0	0	-2.19520616531372	11	0	0	0	1	0
"569"	0	0	3.7	5	1	1	13.69	2	0	0	0	1	1	0	2	1	0	0	-0.416981279850006	10	0	0	0	1	0
"570"	1	1	3.3	2	2	1	10.89	1	1	0	0	1	1	0	1	1	0	0	2.07357692718506	10	0	0	0	1	0
"571"	0	0	3.3	3	1	1	10.89	3	1	0	0	1	1	0	1	1	0	0	-0.416981279850006	11	1	0	0	1	0
"572"	1	0	3	5	1	1	9	3	1	0	0	1	1	0	0	1	0	0	-1.24018979072571	11	0	0	1	1	0
"576"	1	1	3.5	7	2	1	12.25	4	1	0	0	1	1	0	2	1	0	0	1.57204031944275	9	0	0	0	1	0
"577"	0	1	3.9	5	1	1	15.21	3	0	0	0	1	1	0	2	1	0	0	-0.473139226436615	10	1	0	0	1	0
"580"	0	0	2.8	3	2	1	7.84	3	1	0	0	1	0	0	2	1	0	0	-0.341331571340561	11	0	0	0	1	0
"581"	1	0	3.8	5	2	1	14.44	2	1	0	0	0	1	0	4	1	0	0	-1.24018979072571	9	0	0	0	0	0
"582"	0	0	3.6	3	2	1	12.96	3	0	0	1	0	1	0	4	1	0	0	-1.24018979072571	9	0	0	0	1	0
"583"	1	0	3.1	5	2	1	9.61	3	0	0	1	0	0	0	4	1	0	0	-1.24018979072571	1	0	0	0	0	0
"585"	1	0	3.1	3	1	1	9.61	1	1	0	0	0	1	0	0	1	0	0	-2.19520616531372	11	0	0	1	0	0
"586"	0	0	2.4	2	1	0	5.76	1	1	0	0	0	0	0	1	1	0	0	-2.19520616531372	10	0	0	0	0	0
"587"	1	1	2.4	4	1	1	5.76	1	1	0	0	0	1	0	3	1	0	0	-2.19520616531372	6	0	0	0	0	1
"588"	0	1	3.3	5	0	1	10.89	2	1	0	0	0	1	0	4	1	0	0	-1.24018979072571	11	0	0	0	0	0
"589"	1	1	3.6	2	2	1	12.96	2	1	0	0	0	1	0	4	1	0	0	-0.416981279850006	6	0	0	0	0	0
"590"	0	0	6	2	1	0	36	2	1	0	0	0	0	0	4	1	0	0	-2.19520616531372	1	0	0	0	0	0
"591"	1	1	4.8	3	2	1	23.04	4	1	0	0	1	0	0	1	1	0	0	-2.19520616531372	11	0	0	0	1	0
"592"	1	0	2.7	3	4	1	7.29	1	1	0	0	0	1	0	4	1	0	0	-2.19520616531372	5	0	0	0	0	0
"593"	1	1	6.5	6	1	1	42.25	1	1	1	0	0	1	0	2	1	0	0	-0.473139226436615	11	0	0	0	0	0
"594"	0	0	2.9	3	3	1	8.41	2	0	1	0	0	1	0	4	1	0	0	-2.19520616531372	6	1	0	0	1	0
"595"	1	0	6.7	2	1	1	44.89	4	1	1	0	0	1	0	3	1	0	0	-1.37199747562408	8	0	0	0	1	0
"596"	0	1	5.7	3	2	1	32.49	1	1	0	0	1	1	0	2	1	0	0	-1.37199747562408	10	0	0	0	1	0
"597"	1	1	6.3	3	2	1	39.69	2	1	0	0	1	1	0	4	1	0	0	-0.416981279850006	3	0	0	0	0	0
"598"	0	1	3.6	3	1	1	12.96	2	1	1	0	0	1	0	3	1	0	0	-1.29634773731232	6	0	0	0	0	0
"599"	1	1	3.1	4	1	1	9.61	2	0	0	0	1	1	0	4	1	0	0	-1.29634773731232	10	0	0	0	0	0
"600"	0	0	3.6	5	1	0	12.96	2	1	0	0	0	0	0	2	1	0	0	-2.19520616531372	10	0	0	0	0	1
"601"	0	0	3.1	3	1	1	9.61	2	0	0	0	1	1	0	1	1	0	0	-2.19520616531372	11	0	0	0	0	0
"603"	0	0	7.2	3	2	1	51.84	4	1	0	0	1	1	1	2	1	0	0	0.481876999139786	11	0	0	0	1	0
"604"	1	1	7	3	2	1	49	2	1	0	1	0	1	1	4	1	0	0	0.481876999139786	1	0	0	0	1	0
"605"	0	0	1.9	4	1	1	3.61	3	0	0	0	1	0	1	4	1	0	0	-1.24018979072571	11	0	0	0	0	0
"606"	1	1	4.2	2	3	1	17.64	4	1	0	1	0	1	1	4	1	0	0	1.57204031944275	1	0	0	0	1	1
"607"	0	0	2.3	9	1	1	5.29	3	0	1	0	0	0	1	4	1	0	0	0.748831808567047	6	0	0	0	0	0
"608"	1	0	4.8	3	2	1	23.04	1	1	0	0	0	1	1	1	1	0	0	-2.19520616531372	11	0	0	0	0	0
"609"	0	1	7.6	1	1	1	57.76	3	0	0	0	1	0	1	3	1	0	0	0.748831808567047	11	0	0	0	0	0
"610"	1	0	5.5	3	1	1	30.25	1	1	0	0	1	1	1	4	1	0	0	0.481876999139786	8	0	0	0	0	0
"611"	0	1	4.8	3	2	1	23.04	4	1	1	0	0	1	1	4	1	0	0	0.684655368328094	10	0	0	0	1	0
"612"	0	0	3.5	9	2	1	12.25	4	0	0	0	1	1	1	2	1	0	0	2.67367696762085	11	0	0	0	0	0
"613"	1	1	2.3	9	3	1	5.29	2	0	0	1	0	0	1	4	1	0	0	0.481876999139786	9	0	0	0	0	0
"615"	0	0	2.3	5	1	1	5.29	2	0	0	1	0	0	1	4	1	0	0	1.57204031944275	6	0	0	0	1	0
"616"	1	1	2	5	2	1	4	3	0	0	0	1	1	1	1	1	0	0	2.67367696762085	11	0	0	0	0	0
"617"	0	0	2.7	5	2	1	7.29	2	0	1	0	0	0	1	4	1	0	0	1.57204031944275	1	0	0	0	1	0
"619"	0	0	4.9	3	1	1	24.01	1	0	0	1	0	0	1	4	1	0	0	0.481876999139786	6	0	0	0	0	0
"620"	0	0	3	9	3	1	9	3	0	0	1	0	0	1	4	1	0	0	2.67367696762085	2	0	0	0	0	0
"621"	1	0	4.4	2	1	1	19.36	2	0	0	0	1	0	1	2	1	0	0	-2.19520616531372	11	0	0	0	0	0
"622"	0	1	2.2	7	1	0	4.84	2	0	1	0	0	0	1	4	1	0	0	1.57204031944275	8	0	0	0	0	1
"623"	1	1	3.4	5	1	1	11.56	2	1	0	0	1	0	1	1	1	0	0	2.67367696762085	10	0	0	0	0	0
"624"	0	0	4.7	5	1	1	22.09	2	0	0	1	0	0	1	4	1	0	0	1.57204031944275	1	0	0	0	0	0
"625"	1	0	4.5	5	2	1	20.25	2	0	0	1	0	1	1	4	1	0	0	0.481876999139786	1	0	0	0	1	0
"626"	0	1	4.1	5	2	1	16.81	4	0	0	0	1	1	1	1	1	0	0	-2.19520616531372	8	0	0	0	1	0
"627"	0	0	2.1	5	2	1	4.41	3	1	0	0	1	0	1	3	1	0	0	-0.416981279850006	9	1	0	0	0	0
"628"	0	1	6.8	3	1	1	46.24	2	1	0	0	1	1	1	2	1	0	0	1.57204031944275	9	0	0	0	1	0
"629"	0	1	3.9	5	1	1	15.21	2	1	0	0	0	0	1	4	1	0	0	1.57204031944275	1	0	0	0	0	0
"630"	1	1	4.8	7	1	1	23.04	3	0	0	1	0	0	1	4	1	0	0	-0.416981279850006	1	0	0	0	0	1
"631"	1	0	1.9	7	3	1	3.61	3	0	0	1	0	0	1	4	1	0	0	1.57204031944275	1	0	0	0	1	0
"632"	1	0	3.7	5	4	1	13.69	2	1	0	0	1	0	1	0	1	0	0	1.57204031944275	9	0	0	1	0	1
"633"	0	1	6.2	8	3	1	38.44	3	1	0	0	0	1	1	1	1	0	0	1.71866083145142	10	0	0	0	0	0
"634"	1	1	6.2	4	4	1	38.44	2	0	0	0	1	1	1	1	1	0	0	-1.24018979072571	11	0	0	0	1	0
"635"	0	0	5.3	3	2	1	28.09	1	1	1	0	0	1	1	4	1	0	0	1.57204031944275	1	0	0	0	0	1
"636"	0	1	2.6	9	3	1	6.76	2	1	1	0	0	1	1	3	1	0	0	1.57204031944275	4	0	0	0	0	0
"637"	1	0	2.9	5	3	1	8.41	2	1	0	0	1	1	1	1	1	0	0	-0.416981279850006	11	1	0	0	1	0
"638"	0	0	2	7	3	1	4	3	1	0	0	1	1	1	1	1	0	0	0.684655368328094	11	1	0	0	1	0
"639"	1	1	2.2	8	3	1	4.84	4	0	0	0	0	1	1	4	1	0	0	-1.37199747562408	1	0	0	0	0	1
"640"	0	0	5	3	3	1	25	2	1	0	1	0	1	1	1	1	0	0	-2.19520616531372	9	0	0	0	0	0
"641"	1	0	5	3	2	1	25	4	0	0	0	1	1	1	1	1	0	0	-0.473139226436615	11	0	0	0	1	0
"642"	0	1	2.5	9	2	1	6.25	2	0	0	1	0	0	1	4	1	0	0	4.06259870529175	1	0	0	0	1	0
"643"	1	0	5.2	7	1	1	27.04	1	0	0	0	0	1	1	4	1	0	0	2.67367696762085	1	0	0	0	0	0
"644"	0	1	6.4	9	1	1	40.96	2	0	0	0	0	1	1	3	1	0	0	1.57204031944275	5	0	0	0	0	0
"647"	1	0	3.7	5	1	1	13.69	2	1	0	0	0	1	1	2	1	0	0	2.67367696762085	7	0	0	0	0	0
"648"	0	1	7.1	3	1	1	50.41	3	1	1	0	0	0	1	4	1	0	0	0.481876999139786	1	0	0	0	0	0
"649"	0	1	2.6	7	2	1	6.76	1	0	0	1	0	1	1	3	1	0	0	0.748831808567047	1	0	0	0	0	0
"650"	1	1	2.4	5	1	1	5.76	2	0	0	1	0	1	1	3	1	0	0	-0.150026470422745	1	0	0	0	0	0
"651"	0	0	2	6	1	1	4	1	1	0	1	0	0	1	4	1	0	0	0.748831808567047	9	0	0	0	0	1
"652"	1	1	3.4	5	1	1	11.56	3	0	0	0	1	0	0	1	1	0	0	1.77481877803802	11	0	0	0	1	0
"653"	0	0	2.9	5	1	1	8.41	2	1	0	0	1	1	1	3	1	0	0	-0.138553187251091	7	0	0	0	0	0
"654"	1	0	3.5	5	1	0	12.25	2	0	0	0	0	0	1	2	1	0	0	0.748831808567047	5	0	0	0	0	0
"655"	1	1	3.8	5	3	1	14.44	4	1	0	0	1	1	0	1	1	0	0	1.77481877803802	11	1	0	0	1	0
"656"	0	0	2.4	5	1	1	5.76	1	1	0	0	1	1	0	2	1	0	0	-3.09287762641907	11	0	0	0	1	0
"657"	1	0	2.6	7	2	1	6.76	3	0	0	0	1	1	0	1	1	0	0	-1.37199747562408	10	0	0	0	0	0
"658"	0	0	2	6	1	1	4	2	0	0	0	1	1	0	2	1	0	0	-2.19520616531372	10	0	0	0	0	0
"659"	1	1	3.9	5	2	1	15.21	2	0	0	1	0	1	0	3	1	0	0	-1.24018979072571	4	0	0	0	1	0
"660"	0	1	7.6	2	1	1	57.76	2	1	1	0	0	1	0	3	1	0	0	-0.416981279850006	5	0	0	0	0	0
"661"	1	1	4.1	9	0	1	16.81	3	0	0	0	0	1	0	2	1	0	0	2.67367696762085	10	0	0	0	0	0
"662"	0	0	3.4	3	1	1	11.56	2	1	0	0	1	1	0	3	1	0	0	1.77481877803802	10	0	0	0	1	0
"663"	1	0	4.2	3	1	1	17.64	2	1	0	0	1	1	0	2	1	0	0	-1.37199747562408	10	0	0	0	0	0
"664"	1	1	6.4	9	2	1	40.96	4	1	0	0	1	0	0	1	1	0	0	0.481876999139786	11	0	0	0	1	0
"665"	0	0	4.5	9	1	1	20.25	2	1	0	0	0	0	0	2	1	0	0	1.57204031944275	10	0	0	0	0	0
"666"	1	0	3.1	8	1	1	9.61	1	0	0	0	1	0	0	0	1	0	0	0.481876999139786	9	0	0	1	0	0
"667"	0	1	1.9	7	1	0	3.61	1	0	0	0	0	0	0	4	1	0	0	-0.416981279850006	6	0	0	0	0	0
"668"	1	1	4.2	9	2	1	17.64	3	1	0	0	1	1	0	1	1	0	0	1.57204031944275	10	0	0	0	1	0
"669"	0	0	4.2	4	1	1	17.64	2	0	0	1	0	0	0	1	1	0	0	-0.416981279850006	4	0	0	0	0	0
"670"	0	0	8.1	2	1	1	65.61	1	0	0	0	1	0	0	2	1	0	0	-1.37199747562408	11	0	0	0	0	0
"671"	1	0	3.9	6	1	NA	15.21	2	0	0	0	0	0	0	3	1	0	0	-0.416981279850006	6	0	0	0	0	0
"673"	0	0	6.7	2	1	1	44.89	1	0	0	0	0	0	0	2	1	0	0	0.481876999139786	10	0	0	0	0	0
"674"	1	1	2.1	7	1	1	4.41	2	0	0	0	1	1	0	0	1	0	0	-0.416981279850006	10	0	0	1	0	0
"676"	1	0	5.5	2	1	1	30.25	2	1	0	0	1	0	0	0	1	0	0	-0.416981279850006	8	0	0	1	0	0
"677"	1	0	3.9	3	2	1	15.21	1	1	1	0	0	0	0	3	1	0	0	0.481876999139786	4	0	0	0	0	0
"678"	0	1	4	5	1	1	16	1	0	0	1	0	1	0	3	1	0	0	-1.37199747562408	6	0	0	0	0	0
"679"	0	0	3.3	6	1	1	10.89	1	1	0	0	0	0	0	4	1	0	0	-0.416981279850006	6	1	0	0	0	0
"680"	1	1	7.3	1	1	1	53.29	3	1	0	0	1	1	0	2	1	0	0	-2.19520616531372	9	0	0	0	0	0
"681"	0	1	5.8	3	1	1	33.64	1	1	0	0	1	1	0	3	1	0	0	-1.37199747562408	11	0	0	0	1	0
"682"	1	1	3.8	6	1	1	14.44	4	1	0	0	1	1	0	1	1	0	0	-1.24018979072571	10	0	0	0	1	0
"683"	0	1	5.6	3	1	1	31.36	1	1	0	0	1	1	0	3	1	0	0	-1.37199747562408	10	0	0	0	0	0
"684"	1	1	4.3	6	2	0	18.49	3	1	0	0	1	0	0	3	1	0	0	-1.24018979072571	9	0	0	0	0	0
"686"	1	0	2.5	8	1	1	6.25	1	0	0	0	1	1	0	0	1	0	0	-1.37199747562408	11	0	0	1	0	0
"687"	0	0	3.7	4	2	1	13.69	1	1	0	0	1	1	0	3	1	0	0	-2.19520616531372	9	0	0	0	0	0
"688"	1	0	5	3	1	1	25	1	1	0	0	1	1	0	2	1	0	0	-1.37199747562408	11	0	0	0	0	0
"689"	0	0	5.2	2	2	1	27.04	2	0	0	0	1	1	0	4	1	0	0	-1.29634773731232	11	0	0	0	0	0
"690"	1	0	3.7	5	1	1	13.69	2	1	0	1	0	1	1	2	0	0	0	1.57204031944275	5	0	1	0	0	0
"691"	0	0	3.6	9	3	0	12.96	2	1	0	0	0	0	1	2	0	0	0	0.67318207025528	10	0	1	0	0	1
"692"	0	0	2.8	8	2	1	7.84	3	0	1	0	0	1	1	2	0	0	0	0.684655368328094	9	0	1	0	0	1
"693"	0	1	3.6	9	2	1	12.96	3	0	0	1	0	0	1	4	0	0	0	-0.341331571340561	9	0	1	0	0	0
"694"	1	1	5.5	3	3	1	30.25	1	1	0	1	0	1	1	4	0	0	0	-1.24018979072571	6	0	1	0	1	0
"695"	0	0	4.1	4	1	1	16.81	2	0	0	0	1	1	1	2	0	0	0	0.481876999139786	9	1	1	0	0	0
"696"	1	0	3.1	5	2	1	9.61	3	1	0	1	0	1	1	4	0	0	0	-0.416981279850006	2	0	1	0	1	0
"697"	0	0	2.5	7	2	1	6.25	2	1	0	0	0	1	1	4	0	0	0	-1.29634773731232	1	0	1	0	0	0
"699"	1	1	4.6	5	0	0	21.16	1	1	0	0	0	0	1	4	0	0	0	-1.24018979072571	1	0	1	0	0	0
"700"	0	0	6.1	5	1	1	37.21	2	0	0	0	1	1	1	3	0	0	0	0.481876999139786	9	0	1	0	1	0
"701"	1	0	3	3	1	NA	9	2	0	0	1	0	0	0	0	0	0	0	-2.19520616531372	8	0	0	1	0	0
"702"	0	0	4.5	2	1	1	20.25	3	0	0	1	0	0	0	3	0	0	0	-1.37199747562408	1	0	0	0	1	1
"703"	0	0	5.8	7	2	1	33.64	3	1	0	0	1	0	0	1	0	0	0	-2.19520616531372	11	0	0	0	1	0
"704"	0	0	3.2	6	1	1	10.24	2	0	0	0	0	1	0	2	0	0	0	-0.416981279850006	7	0	0	0	0	0
"705"	0	1	1.8	7	1	0	3.24	2	0	0	0	1	0	0	3	0	0	0	0.617024123668671	10	0	0	0	0	0
"706"	0	0	3.5	5	1	1	12.25	2	0	0	0	1	1	0	4	0	0	0	-0.416981279850006	6	0	0	0	1	0
"707"	0	0	5	9	2	1	25	3	1	0	0	0	0	0	4	0	0	0	1.57204031944275	6	0	0	0	0	0
"708"	1	0	4.1	2	1	1	16.81	1	1	0	0	1	0	0	0	0	0	0	0.481876999139786	11	0	0	1	0	0
"709"	0	1	6.1	3	1	1	37.21	2	1	0	0	1	0	0	0	0	0	0	-0.416981279850006	11	0	0	1	1	0
"710"	1	1	1.8	6	1	1	3.24	4	0	0	0	1	0	0	3	0	0	0	-2.19520616531372	9	0	0	0	1	0
"711"	1	0	5.3	5	3	1	28.09	4	0	1	0	0	0	1	4	0	0	0	-0.415794610977173	4	0	0	0	1	0
"712"	1	1	6.1	9	2	1	37.21	4	1	0	0	1	0	1	1	0	0	0	1.57204031944275	10	0	0	0	1	0
"713"	1	1	2.3	8	3	1	5.29	3	0	0	0	1	1	1	2	0	0	0	1.57204031944275	9	0	0	0	0	0
"714"	1	0	2.3	3	2	1	5.29	3	0	1	0	0	0	1	2	0	0	0	-0.416981279850006	10	0	0	0	0	0
"715"	0	0	3.5	5	1	1	12.25	2	1	0	0	0	0	1	4	0	0	0	2.67367696762085	2	0	0	0	0	0
"717"	0	0	3.1	6	1	0	9.61	2	1	0	1	0	0	1	4	0	0	0	1.58351361751556	6	0	0	0	1	0
"718"	1	0	2	5	3	1	4	3	0	1	0	0	0	1	3	0	0	0	-2.19520616531372	9	0	0	0	0	0
"720"	0	1	3.1	5	2	1	9.61	3	0	1	0	0	1	1	2	0	0	0	0.481876999139786	1	0	0	0	1	0
"721"	1	0	2.7	3	1	1	7.29	3	0	0	0	0	1	1	2	0	0	0	-1.29634773731232	6	0	0	0	0	0
"722"	0	1	5.5	3	2	1	30.25	2	0	0	0	1	1	1	2	0	0	0	0.617024123668671	11	0	0	0	0	0
"723"	1	1	2.4	3	2	0	5.76	2	0	0	1	0	0	1	4	0	0	0	-1.29634773731232	4	0	0	0	0	0
"724"	1	0	2.7	3	3	1	7.29	1	1	0	0	1	0	0	4	0	0	0	-2.19520616531372	10	0	0	0	1	0
"725"	0	1	3.2	3	2	1	10.24	2	1	0	0	1	0	0	4	0	0	0	-0.341331571340561	8	1	0	0	1	0
"726"	1	1	4.2	5	1	0	17.64	1	1	0	0	0	0	1	3	0	0	0	-0.206184417009354	3	0	0	0	0	0
"727"	0	0	5.6	2	0	1	31.36	1	1	0	0	1	1	0	4	0	0	0	-1.29634773731232	10	0	0	0	1	0
"728"	1	0	4.7	3	4	1	22.09	1	1	1	0	0	1	0	4	0	0	0	-1.29634773731232	5	0	0	0	0	0
"729"	0	0	4	7	3	1	16	4	0	1	0	0	0	1	2	0	0	0	2.67367696762085	7	0	0	0	1	0
"730"	1	0	2.4	5	3	1	5.76	1	0	0	1	0	0	0	4	0	0	0	-0.341331571340561	1	1	0	0	1	0
"731"	0	0	1.9	3	2	1	3.61	2	0	1	0	0	1	0	2	0	0	0	-2.19520616531372	7	0	0	0	0	0
"732"	1	0	3.1	7	1	1	9.61	3	0	0	0	1	1	1	2	0	0	0	-0.341331571340561	11	0	0	0	0	0
"733"	0	1	2.6	9	2	0	6.76	2	1	0	1	0	0	1	4	0	0	0	2.67367696762085	6	0	0	0	0	0
"734"	1	1	2.9	5	3	1	8.41	3	0	0	0	1	1	1	2	0	0	0	0.684655368328094	10	0	0	0	0	0
"735"	0	0	4.1	5	1	0	16.81	2	1	1	0	0	0	1	0	0	0	0	-2.19520616531372	7	0	0	1	0	0
"736"	1	0	3.3	3	2	1	10.89	2	1	1	0	0	0	1	3	0	0	0	-2.19520616531372	6	0	0	0	1	0
"737"	0	0	2.5	5	1	1	6.25	2	0	0	0	0	0	1	3	0	0	0	-1.37199747562408	9	0	0	0	0	0
"738"	0	1	2.7	9	3	1	7.29	3	0	0	1	0	0	1	3	0	0	0	0.617024123668671	8	1	0	0	0	0
"739"	1	0	6.4	2	0	0	40.96	1	1	0	1	0	0	1	0	0	0	0	-0.416981279850006	10	0	0	1	0	0
"740"	0	0	4.2	7	1	0	17.64	3	1	1	0	0	0	1	3	0	0	0	-1.37199747562408	7	0	0	0	1	0
"741"	1	1	3.7	3	1	1	13.69	4	1	0	0	1	1	1	2	0	0	0	-0.341331571340561	10	0	0	0	1	0
"742"	1	1	3.9	5	3	1	15.21	1	1	0	1	0	1	1	4	0	0	0	-1.29634773731232	1	1	0	0	1	0
"743"	0	0	4	3	0	1	16	3	0	1	0	0	1	1	3	0	0	0	-0.341331571340561	6	0	0	0	1	0
"747"	1	0	3	3	0	1	9	1	0	0	0	0	1	1	1	0	0	0	-2.19520616531372	10	0	1	0	0	0
"748"	1	0	3.1	7	0	1	9.61	2	0	0	0	1	1	1	1	0	0	0	-1.24018979072571	10	0	1	0	1	0
"749"	0	0	4.6	7	2	1	21.16	2	0	0	1	0	1	1	4	0	0	0	-2.19520616531372	1	0	1	0	1	0
"751"	0	1	2.8	7	1	1	7.84	2	0	0	0	0	0	1	1	0	0	0	-1.24018979072571	8	0	1	0	0	0
"752"	1	1	5.1	8	1	1	26.01	2	1	0	0	0	1	0	3	0	0	0	1.57204031944275	9	0	1	0	0	0
"753"	1	0	2.8	4	1	1	7.84	1	1	0	1	0	1	0	2	0	0	0	-2.19520616531372	6	0	1	0	1	0
"754"	0	1	2.1	6	3	0	4.41	2	0	0	0	0	0	0	4	0	0	0	-0.341331571340561	9	0	1	0	0	0
"755"	1	0	4.3	5	1	0	18.49	2	1	1	0	0	0	0	4	0	0	0	-2.19520616531372	6	0	1	0	1	1
"756"	1	1	5.1	3	0	1	26.01	1	1	0	0	1	1	0	2	0	0	0	-1.24018979072571	9	0	1	0	0	0
"757"	0	1	3.6	2	1	1	12.96	1	0	1	0	0	1	0	3	0	0	0	-1.24018979072571	7	0	1	0	1	0
"758"	1	1	3.2	8	1	1	10.24	4	0	1	0	0	1	1	4	0	0	0	-2.19520616531372	9	0	1	0	1	0
"759"	0	0	2.4	8	3	1	5.76	2	1	0	1	0	1	1	4	0	0	0	1.57204031944275	4	0	1	0	1	0
"760"	1	0	4	7	1	1	16	3	1	0	0	1	1	1	3	0	0	0	-1.29634773731232	10	0	1	0	0	0
"761"	1	0	6.2	2	4	1	38.44	2	1	0	0	1	1	1	3	0	0	0	-2.19520616531372	10	0	1	0	1	0
"762"	0	0	3.3	9	1	1	10.89	1	1	0	0	0	1	1	4	0	0	0	-1.29634773731232	11	0	1	0	0	0
"763"	1	0	4.7	3	3	0	22.09	1	1	0	0	0	0	1	4	0	0	0	0.481876999139786	7	0	1	0	0	0
"764"	1	0	6.6	5	1	1	43.56	1	0	0	0	0	1	1	4	0	0	0	-3.09287762641907	8	0	1	0	0	0
"765"	0	0	3.9	5	1	1	15.21	2	1	0	0	0	0	1	4	0	0	0	-2.19520616531372	9	0	1	0	0	0
"766"	0	0	3.6	7	1	1	12.96	2	1	0	0	0	1	1	4	0	0	0	-1.37199747562408	9	0	1	0	0	0
"768"	0	1	6.1	1	0	1	37.21	3	0	1	0	0	1	1	4	0	0	0	-1.37199747562408	7	0	1	0	0	0
"769"	1	1	5.2	4	1	0	27.04	2	0	0	0	0	0	1	2	0	0	0	-2.19520616531372	8	0	1	0	0	0
"771"	0	0	4.7	7	1	1	22.09	1	0	0	0	1	1	1	2	0	0	0	-1.24018979072571	9	0	1	0	1	0
"774"	1	1	3.4	6	3	1	11.56	4	1	0	0	0	0	1	1	0	0	0	-1.24018979072571	8	0	1	0	0	0
"775"	0	1	3.8	5	3	1	14.44	2	1	0	1	0	0	1	2	0	0	0	-1.37199747562408	6	0	1	0	0	0
"776"	1	0	3.1	7	2	1	9.61	4	1	0	1	0	1	1	2	0	0	0	-1.24018979072571	10	0	1	0	0	0
"778"	1	0	2	3	3	0	4	1	0	0	0	0	0	1	2	0	0	0	-1.29634773731232	6	0	1	0	0	0
"779"	0	0	3.3	2	1	1	10.89	4	1	0	0	0	1	1	4	0	0	0	-1.37199747562408	1	0	1	0	0	0
"780"	1	0	4.2	9	4	0	17.64	1	1	0	0	0	0	1	4	0	0	0	-0.150026470422745	6	0	1	0	0	1
"781"	0	1	6.9	2	2	1	47.61	1	1	0	1	0	1	0	3	0	0	0	-0.416981279850006	8	0	1	0	0	0
"782"	1	0	2.5	7	2	1	6.25	2	0	0	1	0	1	0	3	0	0	0	-2.19520616531372	8	0	1	0	0	0
"783"	0	1	2.2	2	2	1	4.84	3	1	0	0	1	1	0	2	0	0	0	-2.19520616531372	9	0	1	0	0	0
"784"	0	0	4.1	1	0	1	16.81	1	0	0	0	1	1	1	2	0	0	0	-2.19520616531372	10	0	0	0	1	0
"785"	1	0	3.9	4	1	1	15.21	3	1	0	0	1	1	0	1	0	0	0	-1.24018979072571	9	0	0	0	0	0
"786"	0	0	5.3	3	0	1	28.09	2	0	0	1	0	1	1	2	0	0	0	-2.13786149024963	1	0	0	0	1	0
"787"	0	0	2.9	4	0	0	8.41	2	0	0	0	1	0	1	3	0	0	0	-2.19520616531372	6	0	0	0	0	0
"788"	1	1	4	5	1	1	16	2	0	0	0	1	1	1	1	0	0	0	-1.24018979072571	9	0	0	0	0	0
"789"	0	1	2.1	4	1	1	4.41	2	1	0	1	0	1	1	3	0	0	0	-2.19520616531372	6	0	0	0	1	0
"790"	0	1	4.4	2	1	1	19.36	1	1	0	0	1	1	1	2	0	0	0	-2.19520616531372	9	0	0	0	0	0
"791"	1	0	3.6	5	1	1	12.96	2	1	0	0	1	1	1	2	0	0	0	-0.473139226436615	9	0	0	0	0	0
"792"	1	1	3.2	5	1	1	10.24	2	1	0	0	1	1	0	2	0	0	0	-2.19520616531372	6	0	0	0	1	0
"793"	0	0	2.6	7	0	1	6.76	1	0	0	1	0	1	1	2	0	0	0	-2.19520616531372	9	0	0	0	0	0
"794"	1	1	3.4	9	1	1	11.56	2	1	0	0	0	1	1	0	0	0	0	-1.24018979072571	9	0	0	1	0	0
"795"	0	0	7.8	1	2	1	60.84	4	1	0	0	1	1	1	2	0	0	0	-2.19520616531372	10	0	0	0	1	0
"796"	1	1	4.5	9	2	1	20.25	2	1	0	0	0	1	1	4	0	0	0	2.67367696762085	3	0	0	0	0	0
"797"	0	1	3.7	7	2	1	13.69	2	1	0	1	0	1	1	3	0	0	0	1.57204031944275	1	0	0	0	0	0
"798"	1	1	6	7	1	1	36	2	1	0	0	1	1	1	0	0	0	0	2.67367696762085	9	0	0	1	0	0
"799"	1	0	5.6	3	2	1	31.36	2	1	0	0	0	1	1	1	0	0	0	-2.19520616531372	6	0	0	0	0	0
"801"	1	1	2	7	2	1	4	3	0	0	1	0	1	1	4	0	0	0	0.481876999139786	5	0	0	0	0	0
"802"	0	1	2.5	6	1	1	6.25	2	1	0	0	1	1	1	2	0	0	0	-0.138553187251091	9	0	0	0	0	0
"803"	1	1	2.9	3	3	1	8.41	3	1	0	1	0	1	1	3	0	0	0	0.684655368328094	6	0	0	0	0	0
"804"	1	1	2.7	6	3	1	7.29	1	1	0	0	0	0	1	2	0	0	0	-2.19520616531372	6	0	0	0	0	0
"805"	0	1	4.9	2	1	1	24.01	3	1	0	0	1	1	1	3	0	0	0	-1.37199747562408	1	0	0	0	1	0
"806"	0	0	2.8	9	1	1	7.84	1	1	0	0	0	1	1	0	0	0	0	-1.37199747562408	6	0	0	1	0	0
"807"	1	0	2.5	9	2	1	6.25	4	0	0	0	0	1	1	2	0	0	0	1.77481877803802	8	0	0	0	0	0
"808"	1	1	3.3	3	1	1	10.89	1	1	0	0	0	1	1	0	0	0	0	-1.37199747562408	9	0	0	1	0	0
"810"	0	0	6.8	1	1	0	46.24	2	0	1	0	0	0	1	3	0	0	0	-2.19520616531372	7	0	0	0	0	1
"811"	1	1	6.3	2	1	1	39.69	2	1	0	1	0	0	1	2	0	0	0	-0.341331571340561	6	0	0	0	0	0
"813"	1	1	4	4	2	1	16	2	0	0	0	1	1	1	3	0	0	0	-0.473139226436615	11	0	0	0	0	0
"814"	0	1	2.7	5	2	1	7.29	2	0	1	0	0	0	1	4	0	0	0	-2.19520616531372	7	0	0	0	1	0
"815"	1	0	2	5	2	1	4	2	0	1	0	0	1	1	4	0	0	0	-0.416981279850006	7	0	0	0	0	0
"816"	0	0	5.4	4	1	1	29.16	2	0	0	0	1	0	1	4	0	0	0	-0.416981279850006	11	0	0	0	0	1
"817"	1	0	3.9	3	2	1	15.21	1	0	0	0	1	1	1	4	0	0	0	-1.29634773731232	7	0	0	0	0	1
"818"	0	1	2.6	7	1	1	6.76	1	0	0	0	0	1	1	4	0	0	0	-1.37199747562408	9	0	0	0	0	0
"819"	1	1	3.4	5	2	1	11.56	2	0	0	0	0	0	1	4	0	0	0	-0.416981279850006	8	0	0	0	0	0
"820"	0	0	2.7	5	2	1	7.29	2	1	1	0	0	1	1	3	0	0	0	-0.416981279850006	2	0	0	0	1	0
"821"	1	0	2.6	2	2	1	6.76	2	1	0	0	1	0	1	2	0	0	0	-1.24018979072571	11	0	0	0	1	0
"822"	0	0	4.9	5	1	1	24.01	2	0	1	0	0	1	1	3	0	0	0	0.481876999139786	6	0	0	0	1	0
"824"	1	1	5.5	7	3	1	30.25	2	1	0	1	0	1	1	3	0	0	0	0.748831808567047	8	0	0	0	0	0
"825"	1	0	4.5	3	0	0	20.25	1	1	0	0	0	0	1	4	0	0	0	-2.19520616531372	6	0	0	0	0	0
"826"	0	0	3.7	3	1	1	13.69	1	1	0	1	0	1	1	1	0	0	0	2.67367696762085	11	0	0	0	0	0
"827"	1	0	1.9	8	2	1	3.61	3	1	0	1	0	1	1	3	0	0	0	-2.19520616531372	7	0	0	0	0	0
"828"	1	0	2.7	3	3	1	7.29	3	1	0	0	1	1	1	2	0	0	0	-1.24018979072571	11	0	0	0	0	0
"829"	0	1	4.8	4	1	1	23.04	2	0	0	0	0	0	1	4	0	0	0	-1.24018979072571	1	0	0	0	0	0
"830"	1	0	4.2	2	1	1	17.64	1	1	0	1	0	1	1	2	0	0	0	-0.150026470422745	8	0	0	0	1	0
"831"	0	1	1.9	8	1	1	3.61	1	0	0	1	0	1	1	4	0	0	0	0.748831808567047	1	0	0	0	0	0
"833"	0	0	5.3	3	1	1	28.09	1	0	0	1	0	1	1	4	0	0	0	1.58351361751556	1	0	0	0	1	0
"834"	0	1	3.8	5	2	1	14.44	3	0	1	0	0	1	0	4	0	0	0	-1.37199747562408	5	0	0	0	0	0
"835"	0	1	3.8	7	1	1	14.44	2	1	0	0	1	1	1	3	0	0	0	0.67318207025528	6	0	0	0	0	0
"836"	1	0	3.2	9	3	1	10.24	4	1	0	0	1	0	0	3	0	0	0	-0.341331571340561	11	0	1	0	1	1
"837"	1	1	4.6	5	1	0	21.16	2	1	0	1	0	0	0	4	0	0	0	-0.138553187251091	6	0	1	0	0	0
"838"	0	0	7.3	1	2	1	53.29	1	1	0	1	0	1	0	4	0	0	0	1.58351361751556	1	0	1	0	1	0
"839"	1	0	2.9	5	3	1	8.41	3	1	0	0	1	1	0	2	0	0	0	-0.138553187251091	11	0	1	0	1	0
"840"	1	1	3.6	5	2	1	12.96	1	1	0	1	0	1	0	4	0	0	0	-0.138553187251091	1	0	1	0	1	0
"841"	0	1	3.4	6	1	1	11.56	3	1	0	0	1	0	0	1	0	0	0	0.684655368328094	9	0	1	0	0	0
"842"	1	0	2.4	7	1	1	5.76	2	0	0	1	0	1	0	4	0	0	0	-1.24018979072571	4	0	1	0	1	0
"843"	0	1	2.8	7	2	1	7.84	2	1	0	1	0	0	0	2	0	0	0	-2.19520616531372	11	0	1	0	0	0
"844"	1	1	5.3	3	3	1	28.09	3	1	0	1	0	1	0	4	0	0	0	-1.37199747562408	1	1	1	0	1	0
"845"	0	1	2.1	9	2	1	4.41	2	0	0	1	0	1	0	4	0	0	0	0.481876999139786	1	1	1	0	1	0
"846"	1	0	3.5	5	2	1	12.25	3	0	0	1	0	1	0	4	0	0	0	0.684655368328094	7	0	1	0	1	0
"847"	0	0	4.4	3	3	1	19.36	3	0	0	1	0	0	0	4	0	0	0	-1.24018979072571	1	1	1	0	1	0
"848"	1	0	7.3	2	2	1	53.29	3	0	0	1	0	0	0	4	0	0	0	0.481876999139786	1	0	1	0	1	0
"849"	1	0	2.9	7	1	0	8.41	1	0	0	0	1	0	0	3	0	0	0	-1.24018979072571	10	0	1	0	1	0
"850"	0	1	2.8	7	2	1	7.84	2	1	0	1	0	0	0	4	0	0	0	-1.37199747562408	1	0	1	0	1	0
"851"	1	1	4.8	7	1	1	23.04	3	1	0	1	0	1	0	2	0	0	0	-2.19520616531372	1	0	1	0	1	0
"852"	1	1	4	7	1	1	16	2	1	0	1	0	1	0	4	0	0	0	-0.416981279850006	3	0	1	0	1	0
"854"	1	1	8.3	1	0	0	68.89	2	0	0	1	0	0	0	4	0	0	0	-2.19520616531372	1	0	1	0	1	0
"855"	0	1	5.4	2	1	0	29.16	1	1	0	1	0	0	0	4	0	0	0	-0.473139226436615	7	0	1	0	0	0
"856"	1	1	4.9	5	1	1	24.01	2	0	0	1	0	1	0	2	0	0	0	-1.24018979072571	8	0	1	0	1	0
"857"	0	0	3.3	3	0	1	10.89	2	1	0	0	1	1	0	1	0	0	0	-2.19520616531372	11	0	1	0	0	0
"858"	1	0	3.3	5	0	1	10.89	1	1	0	0	0	1	0	2	0	0	0	-2.19520616531372	9	0	1	0	0	0
"859"	0	0	5	3	1	1	25	2	1	0	1	0	1	0	2	0	0	0	0.760305106639862	6	0	1	0	0	0
"860"	1	0	6.8	2	2	1	46.24	2	0	0	0	1	1	0	0	0	0	0	-1.24018979072571	11	0	1	1	1	0
"861"	0	1	3.7	5	1	1	13.69	3	1	0	1	0	0	0	4	0	0	0	-2.19520616531372	6	0	1	0	0	0
"863"	1	0	2.1	6	1	1	4.41	3	0	0	1	0	1	0	4	0	0	0	0.760305106639862	1	0	1	0	1	0
"864"	0	1	2.7	9	0	0	7.29	1	0	0	0	0	0	0	0	0	0	0	0.760305106639862	1	0	1	1	0	0
"865"	1	1	2.3	7	0	1	5.29	1	0	0	0	0	0	0	4	0	0	0	-2.19520616531372	2	0	1	0	0	0
"866"	1	0	7.3	2	2	1	53.29	2	1	0	0	1	1	1	2	0	0	0	1.58351361751556	11	0	0	0	1	0
"867"	0	0	3	9	2	1	9	4	1	1	0	0	1	1	4	0	0	0	1.58351361751556	3	0	0	0	0	1
"868"	1	0	3.9	9	2	0	15.21	3	0	0	0	1	0	1	1	0	0	0	0.748831808567047	7	0	0	0	1	0
"869"	1	1	7.4	2	3	1	54.76	1	0	0	0	1	1	1	2	0	0	0	-1.37199747562408	11	0	0	0	1	0
"870"	1	0	3.7	2	2	0	13.69	1	0	0	1	0	0	1	4	0	0	0	-1.37199747562408	1	0	0	0	0	0
"872"	1	0	3.2	5	1	1	10.24	3	1	0	0	0	1	1	4	0	0	0	-1.24018979072571	6	0	0	0	0	0
"873"	0	1	2.9	8	0	1	8.41	2	0	0	0	0	1	1	4	0	0	0	-1.24018979072571	7	0	0	0	0	0
"874"	1	1	2.7	9	0	0	7.29	1	1	0	0	0	0	1	4	0	0	0	-2.19520616531372	8	0	0	0	0	0
"875"	0	1	2.4	9	2	1	5.76	3	0	0	0	1	1	1	4	0	0	0	4.06259870529175	10	0	0	0	1	0
"877"	0	0	3.5	5	1	0	12.25	1	1	0	0	1	0	1	1	0	0	0	1.77481877803802	10	0	0	0	1	0
"878"	1	0	2.7	3	2	1	7.29	1	0	0	0	0	0	1	4	0	0	0	-0.138553187251091	1	0	0	0	0	0
"879"	0	1	1.8	7	1	1	3.24	2	0	0	0	1	1	1	2	0	0	0	1.77481877803802	6	0	0	0	1	0
"880"	1	0	3.9	5	1	1	15.21	1	0	0	1	0	1	1	4	0	0	0	0.684655368328094	9	0	0	0	0	0
"881"	0	1	1.9	8	1	1	3.61	3	0	0	0	1	1	1	2	0	0	0	0.684655368328094	10	0	0	0	1	0
"882"	0	0	3.1	7	0	1	9.61	2	1	0	1	0	1	1	4	0	0	0	2.67367696762085	1	0	0	0	0	1
"883"	1	0	2.5	9	1	1	6.25	1	0	0	0	0	1	1	2	0	0	0	1.58351361751556	8	0	0	0	0	0
"884"	1	1	2	8	2	1	4	2	0	0	1	0	0	1	4	0	0	0	2.67367696762085	8	0	0	0	0	0
"885"	0	0	4.4	2	1	0	19.36	2	1	0	1	0	0	1	4	0	0	0	1.77481877803802	1	1	0	0	0	0
"886"	1	1	7	1	1	1	49	2	1	0	1	0	0	1	4	0	0	0	2.67367696762085	1	0	0	0	0	0
"887"	0	0	3.8	5	1	1	14.44	2	1	1	0	0	1	1	2	0	0	0	0.684655368328094	9	0	0	0	1	0
"888"	1	0	2.7	3	2	1	7.29	3	0	0	1	0	1	1	2	0	0	0	0.684655368328094	1	0	0	0	0	0
"889"	1	1	6.8	2	2	1	46.24	2	1	0	0	1	1	1	1	0	0	0	0.684655368328094	11	0	0	0	1	0
"890"	0	0	2.6	3	2	1	6.76	4	0	0	0	1	1	1	1	0	0	0	-1.24018979072571	11	0	0	0	1	0
"891"	1	0	5.1	3	1	1	26.01	2	1	0	0	1	1	1	1	0	0	0	2.67367696762085	11	0	0	0	1	0
"892"	0	0	5.1	5	2	1	26.01	4	0	1	0	0	1	1	2	0	0	0	-0.138553187251091	1	0	0	0	1	0
"893"	1	0	3.8	2	1	1	14.44	3	1	1	0	0	1	0	2	0	0	0	-2.19520616531372	7	0	0	0	1	0
"894"	0	1	6.4	2	1	1	40.96	3	1	0	0	1	0	0	2	0	0	0	-2.19520616531372	9	0	0	0	1	0
"896"	0	0	2.1	4	1	1	4.41	2	0	1	0	0	1	0	3	0	0	0	-1.37199747562408	7	0	0	0	0	0
"897"	1	0	2.5	3	2	1	6.25	2	1	0	0	1	1	0	2	0	0	0	-2.19520616531372	10	0	0	0	1	1
"898"	0	0	3.7	3	1	1	13.69	3	1	0	1	0	1	0	3	0	0	0	-2.19520616531372	5	0	0	0	0	0
"900"	1	0	3.5	2	2	1	12.25	3	1	0	0	1	1	0	1	0	0	0	-2.19520616531372	10	0	0	0	1	0
"901"	0	0	4.5	2	1	1	20.25	2	1	1	0	0	1	0	3	0	0	0	-2.19520616531372	10	1	0	0	0	0
"902"	1	1	2.6	3	2	NA	6.76	3	1	0	0	1	0	0	1	0	0	0	-2.19520616531372	9	0	0	0	1	0
"903"	0	0	2.6	1	1	1	6.76	2	1	0	0	1	1	0	1	0	0	0	-3.09287762641907	10	0	0	0	0	0
"904"	1	0	6.8	1	2	1	46.24	1	0	0	0	1	1	0	1	0	0	0	-3.09287762641907	9	0	0	0	0	0
"906"	1	1	4.5	1	2	1	20.25	1	0	0	0	1	1	0	1	0	0	0	-2.19520616531372	9	0	0	0	1	0
"907"	1	0	3.7	5	2	1	13.69	3	0	0	0	1	1	0	2	0	0	0	-1.37199747562408	9	1	1	0	1	0
"908"	0	0	3.8	5	2	1	14.44	3	1	1	0	0	1	0	4	0	0	0	-0.341331571340561	8	1	1	0	0	0
"909"	1	0	3.9	5	2	1	15.21	4	1	1	0	0	1	0	4	0	0	0	-1.24018979072571	1	1	1	0	1	0
"910"	0	0	4.3	2	3	1	18.49	4	1	0	0	1	1	0	0	0	0	0	1.58351361751556	11	1	1	1	1	0
"911"	1	0	4	5	1	1	16	3	1	1	0	0	1	0	4	0	0	0	-1.24018979072571	6	0	1	0	1	0
"912"	1	0	4	2	2	1	16	2	1	1	0	0	1	0	3	0	0	0	-1.24018979072571	9	1	1	0	1	1
"913"	1	0	6.3	3	3	1	39.69	4	1	0	0	1	1	0	1	0	0	0	-1.24018979072571	11	1	1	0	1	0
"914"	0	1	3.6	3	1	1	12.96	2	1	1	0	0	1	0	4	0	0	0	-1.24018979072571	8	0	1	0	0	0
"916"	0	1	3.4	7	1	1	11.56	2	1	1	0	0	0	0	3	0	0	0	1.77481877803802	9	1	1	0	0	0
"917"	1	1	7.3	5	1	1	53.29	2	1	0	0	1	1	0	3	0	0	0	1.58351361751556	11	0	1	0	0	0
"919"	0	0	3.4	5	1	1	11.56	3	1	1	0	0	1	0	1	0	0	0	-1.37199747562408	6	1	1	0	0	1
"920"	1	0	1.8	6	2	1	3.24	3	0	1	0	0	1	0	3	0	0	0	2.07357692718506	6	1	1	0	0	0
"921"	0	0	3.9	3	1	1	15.21	2	1	0	0	1	1	0	2	0	0	0	-1.24018979072571	11	0	1	0	1	0
"922"	1	1	1.9	7	3	1	3.61	4	0	0	0	1	1	0	1	0	0	0	0.481876999139786	11	0	1	0	1	0
"923"	0	0	3.1	5	0	1	9.61	4	1	0	0	1	1	0	2	0	0	0	-0.138553187251091	10	1	1	0	1	0
"924"	1	0	2.6	4	2	1	6.76	1	0	1	0	0	1	1	4	0	0	1	-0.416981279850006	7	1	0	0	0	0
"925"	0	1	7.4	3	2	1	54.76	3	1	0	0	1	1	1	1	0	0	1	0.481876999139786	10	1	0	0	1	0
"929"	0	1	4.3	6	2	1	18.49	2	0	0	0	1	0	1	1	0	0	1	2.67367696762085	11	0	0	0	0	0
"930"	1	1	2.6	9	2	0	6.76	3	0	1	0	0	0	1	4	0	0	1	-0.416981279850006	7	0	0	0	0	0
"932"	1	0	2.2	5	2	1	4.84	2	0	0	0	1	0	1	2	0	0	1	-0.270360827445984	11	0	0	0	1	0
"933"	1	0	3.8	5	0	1	14.44	2	1	0	0	1	1	1	1	0	0	1	-0.416981279850006	10	1	0	0	0	0
"934"	1	1	4.4	5	0	1	19.36	2	1	0	0	0	0	1	0	0	0	1	-0.416981279850006	8	0	0	1	0	0
"935"	0	1	5.8	4	2	1	33.64	4	1	0	1	0	1	1	1	0	0	1	0.481876999139786	8	1	0	0	1	0
"936"	1	0	2.8	9	3	1	7.84	2	0	1	0	0	1	1	3	0	0	1	0.67318207025528	6	0	0	0	0	0
"937"	0	1	5.3	7	2	1	28.09	2	1	0	0	1	1	1	1	0	0	1	0.684655368328094	10	0	0	0	1	0
"939"	0	0	3	6	2	1	9	3	1	0	0	1	1	1	2	0	0	1	0.684655368328094	9	0	0	0	1	0
"941"	0	1	2.2	5	1	1	4.84	2	0	0	0	1	1	1	1	0	0	1	-0.416981279850006	11	0	0	0	1	0
"942"	1	0	4.2	5	2	0	17.64	2	0	0	0	1	0	0	2	0	0	1	-0.416981279850006	9	0	0	0	0	0
"943"	0	0	2.4	5	3	0	5.76	1	1	0	0	1	0	0	2	0	0	1	-0.416981279850006	9	0	0	0	0	0
"944"	1	1	2.6	2	1	0	6.76	2	1	0	0	0	0	0	2	0	0	1	-0.416981279850006	6	0	0	0	0	0
"945"	0	1	2.6	5	1	1	6.76	3	0	0	1	0	1	1	2	0	0	1	-0.416981279850006	6	0	0	0	0	0
"946"	1	1	4.7	5	1	1	22.09	3	1	0	0	1	1	1	2	0	0	1	1.57204031944275	10	0	0	0	0	0
"947"	0	0	2.2	7	1	1	4.84	2	1	1	0	0	1	1	3	0	0	1	1.77481877803802	6	0	0	0	1	0
"948"	1	1	5.5	7	2	0	30.25	4	1	0	1	0	0	1	4	0	0	1	0.748831808567047	7	0	0	0	0	0
"951"	0	1	5.1	3	3	1	26.01	1	1	0	0	1	1	1	3	0	0	1	-0.341331571340561	9	1	0	0	0	0
"953"	0	1	2.4	7	3	1	5.76	4	0	0	1	0	1	1	4	0	0	1	0.748831808567047	6	1	0	0	1	0
"954"	1	1	2.6	5	3	0	6.76	1	0	0	0	0	0	1	4	0	0	1	-2.19520616531372	6	0	0	0	0	0
"955"	0	0	2.4	5	2	0	5.76	1	1	0	0	1	0	1	4	0	0	1	-1.24018979072571	9	1	0	0	0	0
"956"	1	0	4.8	5	3	1	23.04	1	1	0	0	0	0	1	3	0	0	1	-2.19520616531372	6	0	0	0	0	0
"957"	0	0	4.2	1	2	1	17.64	1	0	0	0	0	0	1	4	0	1	0	-2.19520616531372	2	0	0	0	0	0
"958"	1	1	3	7	1	0	9	3	1	0	0	0	0	1	2	0	1	0	-0.416981279850006	10	0	0	0	0	0
"959"	0	1	2.1	8	1	0	4.41	2	0	0	0	0	0	1	2	0	1	0	0.748831808567047	9	0	0	0	0	0
"960"	1	0	4.8	5	1	1	23.04	2	0	0	0	1	1	1	1	0	0	1	-2.19520616531372	10	0	0	0	1	0
"961"	0	1	8.6	3	1	1	73.96	1	0	0	0	1	0	1	0	0	0	1	1.58351361751556	9	0	0	1	1	0
"962"	1	0	2.8	7	1	1	7.84	3	1	0	0	1	1	1	2	0	0	1	-0.341331571340561	11	0	0	0	0	0
"964"	1	1	5.1	7	1	1	26.01	2	1	0	0	1	1	1	3	0	0	1	2.67367696762085	11	0	0	0	0	0
"965"	0	1	3.8	7	2	1	14.44	3	0	0	1	0	1	1	4	0	0	1	-1.24018979072571	9	0	0	0	1	0
"966"	1	0	2.5	6	1	1	6.25	2	1	1	0	0	0	1	4	0	0	1	1.57204031944275	8	0	0	0	0	0
"967"	0	0	3.2	4	3	1	10.24	3	1	1	0	0	0	1	4	0	0	1	-0.416981279850006	7	0	0	0	1	0
"968"	1	1	3.7	4	3	1	13.69	3	0	0	0	1	0	1	1	0	0	1	1.57204031944275	11	0	0	0	1	1
"970"	1	0	2.7	5	0	1	7.29	2	0	0	0	1	0	0	2	0	0	1	-0.416981279850006	11	0	0	0	1	0
"971"	0	1	3.6	7	3	0	12.96	3	0	1	0	0	0	0	3	0	0	1	-2.19520616531372	6	0	0	0	1	0
"972"	1	0	3.7	5	3	1	13.69	2	1	1	0	0	1	1	1	0	0	1	0.481876999139786	9	0	0	0	0	0
"973"	0	0	2	7	2	0	4	2	1	0	0	0	0	1	0	0	0	1	0.481876999139786	9	0	0	1	0	0
"974"	1	1	5.1	3	0	0	26.01	1	0	1	0	0	0	1	3	0	0	1	-0.416981279850006	5	0	0	0	0	0
"975"	0	1	2.5	7	2	1	6.25	4	0	0	0	1	0	1	2	0	0	1	-3.09287762641907	8	0	0	0	0	0
"976"	1	1	4.5	7	2	1	20.25	2	0	0	1	0	1	1	4	0	0	1	-0.416981279850006	2	0	0	0	1	0
"977"	0	0	5.8	3	1	1	33.64	1	0	1	0	0	1	1	3	0	0	1	-0.416981279850006	6	0	0	0	0	0
"978"	1	0	3.8	5	1	1	14.44	1	1	0	0	1	1	1	3	0	1	0	-0.416981279850006	8	0	0	0	0	0
"979"	0	0	1.8	7	1	1	3.24	2	0	0	0	0	1	1	3	0	1	0	-0.416981279850006	5	0	0	0	0	0
"980"	1	1	2.7	5	1	1	7.29	2	1	0	0	0	1	1	2	0	1	0	-0.416981279850006	8	0	0	0	0	0
"981"	0	1	3.1	3	2	1	9.61	2	1	0	0	1	1	0	1	0	1	0	-0.416981279850006	10	0	0	0	0	0
"982"	1	1	2.3	7	2	1	5.29	2	1	0	1	0	1	0	2	0	1	0	1.57204031944275	8	0	0	0	0	0
"983"	0	0	2.7	5	1	1	7.29	2	1	0	0	0	1	0	1	0	1	0	-1.24018979072571	11	0	0	0	0	0
"984"	1	0	2.8	9	2	1	7.84	2	1	1	0	0	1	1	1	0	1	0	-0.150026470422745	7	0	1	0	0	0
"985"	0	1	2	6	1	1	4	2	0	1	0	0	1	1	1	0	1	0	0.684655368328094	6	0	1	0	1	0
"986"	1	0	3.4	7	2	0	11.56	2	1	1	0	0	0	1	1	0	1	0	-1.37199747562408	8	0	1	0	1	0
"987"	0	1	2	5	1	0	4	2	0	1	0	0	0	1	2	0	1	0	0.684655368328094	7	0	1	0	0	0
"988"	1	1	3.9	5	2	1	15.21	2	1	0	0	1	0	1	1	0	1	0	0.481876999139786	10	0	1	0	1	0
"989"	0	0	5.4	4	1	0	29.16	2	1	0	0	0	0	1	4	0	1	0	-1.24018979072571	1	0	1	0	0	0
"990"	1	0	2.6	3	2	1	6.76	2	1	0	0	0	1	0	2	0	1	0	-1.24018979072571	9	0	1	0	0	0
"991"	0	0	1.8	7	3	1	3.24	4	0	0	0	1	1	0	1	0	1	0	1.58351361751556	11	0	1	0	1	0
"992"	1	0	4.4	3	3	1	19.36	2	0	0	0	1	0	0	1	0	1	0	1.58351361751556	11	1	1	0	1	0
"994"	1	0	3.2	7	3	1	10.24	2	1	0	1	0	1	1	4	0	1	0	0.481876999139786	3	0	1	0	1	0
"995"	0	1	3.5	7	1	1	12.25	4	1	0	0	0	1	1	1	0	1	0	0.67318207025528	9	0	1	0	0	0
"996"	1	0	4.9	2	2	1	24.01	3	0	0	0	1	1	1	2	0	1	0	0.481876999139786	11	0	1	0	1	0
"997"	0	1	7.2	2	2	0	51.84	2	0	1	0	0	0	1	2	0	1	0	-1.37199747562408	3	0	1	0	0	0
"998"	1	0	2	5	2	1	4	2	0	0	0	1	1	1	1	0	1	0	-0.341331571340561	9	0	1	0	1	0
"999"	0	1	2.8	6	1	1	7.84	4	0	0	1	0	1	1	4	0	1	0	-0.416981279850006	4	0	1	0	0	0
"1000"	1	0	6	3	1	1	36	3	0	0	1	0	1	1	2	0	1	0	-0.416981279850006	7	0	1	0	0	0
"1001"	0	1	3.5	5	1	1	12.25	3	1	1	0	0	1	1	1	0	1	0	-0.416981279850006	2	0	1	0	0	0
"1002"	1	0	7	2	1	1	49	1	1	0	0	0	0	1	4	0	1	0	-0.341331571340561	4	0	1	0	0	0
"1003"	0	0	7.5	2	2	0	56.25	2	0	0	0	0	0	1	4	0	1	0	-0.416981279850006	6	0	1	0	0	0
"1004"	1	1	6.1	5	2	1	37.21	4	1	0	0	0	1	1	3	0	1	0	1.57204031944275	6	0	1	0	0	0
"1005"	0	0	2.8	5	2	0	7.84	1	0	1	0	0	0	1	2	0	1	0	-1.37199747562408	9	0	1	0	0	0
"1006"	1	1	2.8	3	2	1	7.84	2	1	0	0	1	1	1	2	0	1	0	-0.416981279850006	10	0	1	0	0	0
"1007"	0	1	3.6	3	1	1	12.96	3	0	0	1	0	1	1	3	0	1	0	-0.416981279850006	1	0	1	0	0	0
"1008"	1	0	1.9	7	2	1	3.61	1	0	0	0	0	1	0	4	0	0	0	-0.416981279850006	4	0	0	0	0	0
"1009"	0	1	4.3	5	3	1	18.49	2	1	0	0	1	1	0	2	0	0	0	-0.416981279850006	11	0	0	0	1	0
"1010"	1	1	3.6	3	2	1	12.96	1	1	0	0	1	1	0	2	0	0	0	-2.19520616531372	10	0	0	0	1	0
"1011"	0	0	5.1	7	2	0	26.01	3	1	0	0	1	0	1	3	0	0	0	1.57204031944275	5	0	0	0	0	0
"1012"	1	1	2.5	4	3	1	6.25	2	1	0	0	1	0	1	1	0	0	0	-1.37199747562408	10	0	0	0	0	0
"1013"	0	1	4.2	7	2	1	17.64	1	1	0	0	1	0	1	1	0	0	0	1.77481877803802	11	0	0	0	0	0
"1014"	0	0	4.6	7	2	1	21.16	3	0	0	1	0	1	0	4	0	0	0	2.67367696762085	1	0	0	0	1	0
"1015"	1	0	2.7	3	0	1	7.29	1	0	0	1	0	1	0	4	0	0	0	-1.24018979072571	6	0	0	0	1	0
"1016"	0	1	1.8	3	0	0	3.24	2	0	0	0	0	0	0	0	0	0	0	-2.19520616531372	6	0	0	1	0	0
"1017"	0	0	2.9	5	1	1	8.41	1	1	0	0	0	1	1	3	0	1	0	-2.19520616531372	1	0	0	0	0	0
"1018"	1	1	4	3	2	1	16	4	0	1	0	0	1	1	4	0	1	0	0.684655368328094	6	0	0	0	0	0
"1019"	0	1	2.7	7	2	1	7.29	1	0	0	0	0	1	1	4	0	1	0	-0.206184417009354	9	0	0	0	0	0
"1020"	1	0	2.5	6	3	1	6.25	2	0	0	1	0	1	1	3	1	0	0	-0.416981279850006	6	1	0	0	0	0
"1021"	0	0	4.2	4	1	1	17.64	1	1	0	1	0	1	1	3	1	0	0	-1.37199747562408	8	0	0	0	0	0
"1022"	1	1	5.7	5	0	1	32.49	1	1	0	1	0	1	1	4	1	0	0	-1.24018979072571	1	0	0	0	0	0
"1023"	0	1	2.1	3	1	0	4.41	1	0	0	0	0	0	1	3	1	0	0	-0.206184417009354	5	0	0	0	0	0
"1024"	1	0	5.3	5	1	1	28.09	2	1	1	0	0	1	1	4	1	0	0	-0.473139226436615	8	0	0	0	1	0
"1025"	0	1	3.2	9	3	1	10.24	4	0	0	1	0	1	1	4	1	0	0	-1.29634773731232	1	0	0	0	1	0
"1026"	1	1	3.8	7	2	1	14.44	2	1	1	0	0	1	1	4	1	0	0	-0.416981279850006	1	0	0	0	0	0
"1027"	0	0	5.4	7	2	1	29.16	2	1	0	0	1	1	1	1	1	0	0	2.67367696762085	11	0	0	0	1	0
"1028"	1	1	4	8	0	0	16	1	0	0	0	0	0	1	3	1	0	0	2.67367696762085	1	0	0	0	0	0
"1029"	0	1	4.5	5	1	1	20.25	3	1	0	0	1	1	1	3	1	0	0	0.481876999139786	8	0	0	0	1	0
"1030"	1	0	2.9	8	2	1	8.41	4	0	0	1	0	1	1	3	1	0	0	-1.37199747562408	5	1	0	0	1	0
"1032"	1	0	3.2	5	1	0	10.24	1	0	0	0	1	0	1	2	1	0	0	0.748831808567047	6	0	0	0	0	0
"1033"	0	1	6	2	1	1	36	2	1	0	1	0	1	1	4	1	0	0	1.58351361751556	7	0	0	0	1	0
"1034"	1	0	3.5	2	2	1	12.25	3	1	0	1	0	0	1	4	1	0	0	-0.416981279850006	6	0	0	0	1	0
"1035"	0	0	5.5	4	2	1	30.25	3	0	0	1	0	0	1	4	1	0	0	0.481876999139786	2	0	0	0	1	0
"1037"	0	1	2.7	7	2	1	7.29	3	1	0	0	1	0	1	1	1	0	0	1.57204031944275	11	0	0	0	0	0
"1038"	1	0	6.7	9	1	1	44.89	4	0	0	1	0	1	1	4	1	0	0	4.06259870529175	1	0	0	0	1	0
"1040"	1	1	7.9	5	2	1	62.41	2	1	0	1	0	1	1	4	1	0	0	0.481876999139786	1	0	0	0	0	0
"1041"	0	0	2.6	5	2	1	6.76	3	1	0	0	1	1	0	2	0	1	0	-1.37199747562408	9	0	0	0	0	0
"1042"	1	1	3.8	3	0	1	14.44	2	1	0	0	0	0	0	3	0	1	0	-2.19520616531372	11	0	0	0	0	0
"1043"	0	1	2.9	3	2	1	8.41	2	1	0	0	1	0	0	1	0	1	0	-1.09356939792633	11	0	0	0	0	0
"1044"	1	0	2.8	3	1	1	7.84	3	1	0	0	1	1	0	1	1	0	0	-0.416981279850006	11	0	0	0	1	0
"1045"	0	1	3.6	3	2	1	12.96	4	1	0	0	1	1	0	2	1	0	0	-1.24018979072571	10	0	0	0	1	0
"1046"	1	0	3.6	3	1	1	12.96	1	1	0	0	1	0	0	1	1	0	0	-1.24018979072571	11	1	0	0	1	0
"1047"	0	1	2.6	5	2	1	6.76	2	0	0	0	1	1	0	2	1	0	0	-2.19520616531372	10	1	0	0	0	0
"1048"	1	0	5.6	2	2	1	31.36	3	1	0	0	1	0	0	2	1	0	0	-3.09287762641907	11	0	0	0	1	0
"1049"	0	1	3.7	8	1	0	13.69	2	1	0	0	0	0	0	0	1	0	0	0.67318207025528	6	0	0	1	0	0
"1050"	1	0	2.3	5	1	1	5.29	1	0	0	1	0	0	0	2	1	0	0	-2.19520616531372	1	0	0	0	1	0
"1051"	0	1	3.4	5	1	1	11.56	2	1	0	1	0	1	0	4	1	0	0	-1.37199747562408	1	0	0	0	0	0
"1052"	1	0	2.4	4	2	1	5.76	2	0	0	0	1	0	0	1	1	0	0	-1.37199747562408	11	0	0	0	0	0
"1053"	0	1	1.9	5	1	1	3.61	3	0	0	0	1	0	1	4	1	0	0	1.77481877803802	10	0	0	0	0	0
"1054"	1	1	4.9	3	2	1	24.01	4	0	0	0	1	0	1	2	1	0	0	-0.473139226436615	11	0	0	0	1	0
"1055"	0	0	2	5	1	1	4	2	1	0	0	1	0	1	4	1	0	0	0.951610207557678	10	0	0	0	1	0
"1056"	1	0	5.9	5	2	1	34.81	2	1	0	0	0	0	0	3	1	0	0	1.57204031944275	1	0	0	0	0	1
"1057"	0	0	4.8	9	2	1	23.04	4	0	0	0	1	0	1	1	1	0	0	4.06259870529175	6	0	0	0	0	0
"1058"	1	1	5.2	9	4	1	27.04	2	1	0	0	0	0	1	4	1	0	0	4.06259870529175	6	1	0	0	0	0
"1059"	0	1	3.9	5	2	1	15.21	2	1	0	1	0	0	1	2	1	0	0	0.481876999139786	7	0	0	0	0	1
"1060"	1	0	5.8	4	1	1	33.64	3	0	0	0	0	0	1	2	1	0	0	-0.473139226436615	6	0	0	0	0	0
"1061"	0	1	2.2	3	1	1	4.84	3	0	0	0	0	1	1	4	1	0	0	1.57204031944275	1	0	0	0	0	0
"1062"	1	1	5.8	3	3	1	33.64	3	0	0	0	1	1	1	2	1	0	0	-0.416981279850006	6	1	0	0	0	0
"1063"	0	1	5.7	9	2	1	32.49	1	1	0	0	1	1	1	1	1	0	0	1.57204031944275	9	0	0	0	0	0
"1064"	1	1	6.3	8	3	1	39.69	2	1	1	0	0	1	1	4	1	0	0	-0.416981279850006	10	0	0	0	0	0
"1065"	0	0	2.4	7	0	0	5.76	1	0	0	0	0	0	1	4	1	0	0	-1.24018979072571	1	0	0	0	0	0
"1066"	1	1	3.4	8	1	0	11.56	1	0	0	0	0	0	1	4	1	0	0	1.57204031944275	5	0	0	0	0	1
"1067"	0	0	2.9	4	1	1	8.41	2	0	0	1	0	0	1	2	1	0	0	-1.24018979072571	1	0	0	0	1	0
"1068"	1	1	4.6	7	2	1	21.16	3	1	1	0	0	1	0	2	1	0	0	0.684655368328094	8	1	0	0	0	0
"1069"	0	0	2.4	8	1	1	5.76	2	0	0	0	1	1	0	2	1	0	0	-0.416981279850006	9	0	0	0	0	0
"1070"	1	0	5.3	5	1	1	28.09	2	1	0	0	1	1	0	2	1	0	0	-1.37199747562408	10	0	0	0	1	0
"1071"	0	0	6.5	2	2	1	42.25	2	1	0	0	1	1	0	3	1	0	0	-2.19520616531372	6	0	0	0	1	0
"1072"	1	1	5.1	3	1	1	26.01	2	1	0	0	1	0	0	2	1	0	0	0.481876999139786	11	0	0	0	1	0
"1073"	0	1	2.5	5	2	0	6.25	2	0	0	0	1	0	0	1	1	0	0	-0.416981279850006	11	0	0	0	1	0
"1074"	1	1	2	5	1	0	4	1	0	0	0	0	0	1	2	0	0	0	-0.341331571340561	9	0	1	0	0	0
"1076"	1	0	1.9	7	2	1	3.61	4	0	0	1	0	0	1	4	0	0	0	-0.473139226436615	1	0	1	0	1	0
"1077"	0	0	1.9	8	1	0	3.61	3	0	0	1	0	0	0	4	0	0	0	-2.19520616531372	7	1	0	0	0	0
"1078"	1	1	3.2	9	2	1	10.24	3	0	0	1	0	1	0	4	0	0	0	-1.37199747562408	2	0	0	0	0	0
"1079"	0	1	1.9	8	1	1	3.61	3	0	0	1	0	1	0	4	0	0	0	4.06259870529175	3	0	0	0	0	0
"1080"	1	0	2.6	7	1	1	6.76	2	0	0	1	0	0	1	4	0	0	0	1.77481877803802	1	0	0	0	0	0
"1081"	0	1	2.8	5	1	0	7.84	1	1	0	0	0	0	1	2	0	0	0	-1.24018979072571	5	1	0	0	0	0
"1082"	1	0	4.9	9	1	0	24.01	2	1	0	0	0	0	1	4	0	0	0	-1.37199747562408	5	0	0	0	0	0
"1084"	1	1	3.7	2	0	1	13.69	1	1	1	0	0	0	0	4	0	0	0	-2.19401931762695	1	0	0	0	0	1
"1086"	1	0	2.5	3	2	1	6.25	3	1	0	0	1	0	1	2	0	0	0	1.57204031944275	10	0	0	0	1	0
"1088"	1	1	2.1	7	2	1	4.41	4	0	0	1	0	1	1	4	0	0	0	-0.341331571340561	1	0	0	0	1	0
"1089"	0	1	2.4	9	3	1	5.76	4	0	0	0	1	1	1	1	0	0	0	2.67367696762085	9	0	1	0	1	0
"1090"	1	1	4.4	7	0	0	19.36	4	1	0	0	0	0	1	1	0	0	0	2.67367696762085	6	0	1	0	0	0
"1091"	0	0	2.9	1	2	1	8.41	2	0	0	0	0	1	1	3	0	0	0	-1.24018979072571	6	1	1	0	0	0
"1094"	1	0	5.2	3	1	1	27.04	3	0	0	0	1	1	1	2	0	0	0	-1.24018979072571	10	0	1	0	0	0
"1095"	0	0	5	3	2	1	25	1	0	1	0	0	1	0	1	0	0	0	-1.24018979072571	8	0	1	0	0	0
"1096"	1	1	2.9	2	1	1	8.41	2	1	0	0	1	1	0	1	0	0	0	-1.37199747562408	11	0	1	0	0	0
"1097"	0	1	3.2	3	1	1	10.24	4	1	0	0	0	1	0	1	0	0	0	-2.19520616531372	11	0	1	0	0	0
"1098"	1	0	4.2	4	1	1	17.64	1	1	0	1	0	1	1	4	0	0	0	-1.24018979072571	6	0	0	0	0	0
"1099"	0	0	2.3	5	1	1	5.29	2	1	0	0	1	0	1	4	0	0	0	-2.19520616531372	3	0	0	0	0	0
"1100"	1	1	2.8	4	2	1	7.84	2	0	0	0	1	1	1	2	0	0	0	-2.19520616531372	6	0	0	0	0	0
"1101"	0	1	2.8	7	1	1	7.84	2	1	0	0	1	1	1	2	0	0	0	-2.19520616531372	10	0	0	0	1	0
"1102"	1	0	2.8	6	1	1	7.84	1	1	0	1	0	0	1	0	0	0	0	-2.19520616531372	6	0	0	1	0	0
"1103"	0	1	3	5	1	0	9	4	0	0	0	1	0	1	2	0	0	0	-1.29634773731232	8	0	0	0	0	0
"1104"	1	0	2.8	9	2	1	7.84	4	1	0	1	0	1	1	4	0	0	0	1.57204031944275	1	0	0	0	0	0
"1105"	1	0	3.7	5	2	1	13.69	2	0	0	1	0	1	1	4	0	0	0	-2.19520616531372	3	0	0	0	0	0
"1106"	1	1	4.9	5	1	1	24.01	2	0	0	1	0	1	1	3	0	0	0	-0.416981279850006	7	0	0	0	0	0
"1107"	0	1	5.8	3	2	1	33.64	1	1	0	0	0	0	1	0	0	0	0	1.57204031944275	6	0	0	1	0	0
"1108"	1	1	4.9	3	3	1	24.01	4	0	0	0	0	1	1	4	0	0	0	-0.416981279850006	5	0	0	0	0	1
"1109"	0	0	2.3	5	2	1	5.29	3	1	0	0	0	1	1	4	0	0	0	0.481876999139786	6	0	0	0	0	0
"1110"	1	1	1.8	6	1	1	3.24	1	0	0	0	0	1	1	1	0	0	0	-2.19520616531372	7	0	0	0	0	0
"1111"	0	0	2.2	5	2	0	4.84	2	0	0	0	0	0	1	4	0	0	0	1.58351361751556	8	0	0	0	0	0
"1112"	1	0	2.2	7	0	1	4.84	1	1	0	0	1	1	1	2	0	0	0	-0.341331571340561	6	0	0	0	1	0
"1113"	0	0	2	5	1	1	4	2	0	0	1	0	0	0	4	0	0	0	0.684655368328094	10	1	1	0	1	0
"1114"	1	1	2.9	5	2	1	8.41	3	1	0	1	0	1	0	3	0	0	0	-2.19520616531372	1	0	1	0	1	0
"1115"	0	1	4.3	5	1	1	18.49	3	1	0	1	0	1	0	4	0	0	0	0.760305106639862	1	0	1	0	1	0
"1116"	1	1	6.4	2	2	1	40.96	4	1	0	0	1	1	0	4	0	0	0	-2.19520616531372	2	0	1	0	0	1
"1118"	1	0	2.2	5	1	0	4.84	1	1	0	1	0	0	1	2	0	0	0	-2.19520616531372	6	0	1	0	0	0
"1119"	0	0	5.7	9	2	0	32.49	2	0	0	0	0	0	1	3	0	0	0	2.67367696762085	9	0	0	0	0	0
"1120"	1	1	4.9	3	1	1	24.01	2	1	0	0	0	1	1	0	0	0	0	1.77481877803802	8	0	0	1	0	0
"1121"	0	1	1.8	7	2	1	3.24	3	0	0	1	0	1	1	4	0	0	0	2.67367696762085	3	0	0	0	0	1
"1123"	0	1	2.2	3	1	0	4.84	2	0	1	0	0	0	1	2	0	0	0	-2.19520616531372	8	0	0	0	0	0
"1124"	1	0	4.2	2	3	1	17.64	3	1	0	0	0	1	1	4	0	0	0	-0.416981279850006	3	0	0	0	0	1
"1126"	1	0	3.9	3	1	1	15.21	3	1	1	0	0	1	1	2	0	0	0	-0.138553187251091	7	0	0	0	0	0
"1127"	0	0	2.2	9	2	1	4.84	2	0	1	0	0	1	1	2	0	0	0	1.58351361751556	8	0	0	0	0	0
"1128"	1	1	5	3	2	1	25	3	1	0	0	1	1	0	2	0	0	0	-2.19520616531372	9	1	0	0	1	0
"1129"	0	0	3.6	5	1	1	12.96	2	1	0	1	0	1	0	2	0	0	0	-2.19520616531372	6	1	0	0	0	0
"1131"	0	0	2.1	8	1	1	4.41	3	0	0	0	1	1	1	2	0	0	0	2.67367696762085	11	1	1	0	1	0
"1132"	1	1	2.8	7	2	1	7.84	2	1	0	0	1	1	0	1	0	0	0	-0.416981279850006	10	0	1	0	1	0
"1134"	1	1	3.1	5	2	1	9.61	2	0	0	1	0	1	1	4	0	0	0	1.57204031944275	1	0	0	0	0	0
"1135"	0	0	2.5	2	1	0	6.25	4	0	1	0	0	0	1	2	0	0	0	-0.416981279850006	8	0	0	0	0	0
"1136"	1	1	5	3	2	1	25	4	0	0	1	0	0	1	4	0	0	0	-0.416981279850006	4	0	0	0	1	0
"1137"	0	1	7.8	1	1	1	60.84	2	0	0	1	0	0	1	4	0	0	0	-0.416981279850006	3	0	0	0	1	0
"1138"	1	0	2.1	6	2	1	4.41	2	0	1	0	0	1	1	4	0	0	0	2.67367696762085	5	0	0	0	0	0
"1140"	1	0	1.8	4	4	1	3.24	2	0	0	0	0	1	1	2	0	0	0	-0.416981279850006	11	0	0	0	0	0
"1142"	1	0	3.5	3	1	0	12.25	2	0	0	0	1	0	1	0	0	0	0	-1.24018979072571	10	0	0	1	1	0
"1143"	0	1	4.7	5	2	1	22.09	1	0	0	1	0	1	1	4	0	0	0	1.57204031944275	1	0	0	0	1	0
"1144"	0	1	4.5	5	2	1	20.25	4	0	0	1	0	1	1	4	0	0	0	-0.416981279850006	1	0	0	0	1	0
"1145"	1	0	6.1	2	3	1	37.21	3	0	0	1	0	1	1	4	0	0	0	-0.341331571340561	3	0	0	0	1	0
"1146"	0	0	3.6	5	1	1	12.96	2	1	0	1	0	1	0	2	0	0	0	-2.19520616531372	6	1	0	0	0	0
"1147"	1	0	7	1	1	1	49	1	0	0	0	1	0	1	4	0	0	0	-2.19520616531372	10	0	0	0	1	0
"1148"	0	1	2.7	8	2	1	7.29	2	0	0	0	0	1	1	4	0	0	0	-1.37199747562408	4	0	0	0	0	0
"1149"	1	0	4.5	2	1	1	20.25	1	0	0	0	1	1	1	1	0	0	0	-1.37199747562408	11	0	0	0	1	1
"1150"	0	1	2.8	7	2	1	7.84	3	0	0	0	1	1	1	2	0	0	0	-0.473139226436615	8	0	0	0	0	0
